11	10	6.321119910866541	2.818638353688772
11	12	1.4410696253047346	0.19454241436645897
11	14	2.013899177939856	0.00019318714740378153
11	22	1.8748366825479377	0.7653392211314811
11	18	3.544673456225575	11.939281524112113
11	3	2.153647991184414	0.7163117228261778
11	4	2.1366718929439967	1.2920229922088888
11	9	3.3996165945303485	5.758159800745426
11	8	4.780402575844248	10.36580757363035
10	11	6.080497843276767	15.362497156558076
10	14	3.721264595450614	5.192635043946854
10	22	9.148246355659923	191.8710790234886
10	18	1.914364309012393	16.692418999471776
10	3	2.331837523320481	0.1101161418834707
10	4	4.818060179701937	84.30801886357521
10	9	4.272011346646782	0.07399017270459601
10	8	5.2358047408763735	3.1123849123142797
12	10	2.278806259034933	2.9625078939373224
14	11	2.2673972978686487	1.6062959106447523
14	10	3.6587048488196396	2.7513017754977835
14	12	2.924796293502566	3.704840771481216
14	22	8.1794616086407	26.82682255538291
14	18	8.179703073287026	10.11051163427096
14	1	4.415740874710486	2.0043222243260117
14	3	6.371348499305354	1.8805967065470457
14	4	5.429076383184632	0.18410654260680498
14	24	5.954309040769318	4.184851500678148
14	8	4.038285582341918	24.618609962396082
22	24	2.4461838757019123	2.091447802340204
22	10	14.481493521878907	306.8980692239707
22	12	2.7559132503067136	3.0832313426026876
22	14	5.645788082084625	0.1254660827932884
22	3	5.785100568893889	3.186584041065287
22	4	10.268448711422234	52.83034667057554
22	9	3.3519940294198056	0.12389979674719098
22	8	2.1997439172370523	7.841434129050889
18	11	6.853495942815604	37.779512124984244
18	10	2.2627660998244084	3.0179816239192974
18	12	4.031030154286576	9.187143796194503
18	14	7.198978549086666	4.8355066593433
18	22	3.3037232337575104	1.6996942702391402
18	3	3.1646998332817495	1.356525701646535
18	4	1.9442620623058557	0.003106717698396307
18	24	3.582417505901437	19.515035092166077
18	9	3.514936405364844	0.23528669084037895
18	8	6.2575012540723165	32.97629184698102
1	24	1.5976061535318191	11.576283886484543
1	10	0.6964873876198139	0.09211990587384511
1	14	3.545399697971699	2.388260226491018
1	18	2.1542623836563393	1.332321650324014
1	3	3.6850565490148623	18.61873698519953
1	4	1.1220043401463213	0.7708763787218966
3	11	1.6114607279824797	0.3738842218648641
3	10	3.837540916797638	0.7014747873102279
3	12	2.5454645869542776	2.3884607895297556
3	14	8.217275649680198	38.65451650410633
3	22	7.522109874747114	2.1841592223199906
3	18	3.4876866189171527	6.188584713939455
3	1	3.20080050081298	0.6387198395007835
3	4	3.10238370784092	62.372343098176536
3	24	4.878780979612051	8.287379928576119
3	9	1.6115450967512048	0.15089721185803082
3	8	2.5460280503066275	0.20609053110840195
4	11	1.78168521831601	0.6110317805337481
4	10	6.651550607604999	28.60591090301046
4	14	4.869628235276579	1.2777403264839406
4	22	10.435045214084099	2.4490834819610847
4	18	2.6443943606519085	2.7040328133437987
4	1	1.7162718565126494	0.5130453724320774
4	3	2.7837147657700925	1.479349771005701
4	24	2.0881686441469345	1.1841109981045777
4	9	1.9217505185877475	25.788617795463814
4	8	2.342447893927411	0.11727056005531944
24	11	6.399563279333306	5.757903931524812
24	10	2.643386235678299	2.70071831961689
24	14	6.466581435320767	6.084023977069053
24	22	3.266876310580192	5.138728207469664
24	18	5.910774366283983	50.25712008573627
24	1	2.2851408078382556	2.9407420489416305
24	3	5.21541069205393	0.615580382143293
24	4	2.3251940180555946	1.7561391854903314
24	9	2.365017973710598	1.8632740685529865
24	8	3.299443423313733	22.09523213062852
9	11	3.8052870410324355	0.03791313638990444
9	8	2.125523465546109	3.513662278218269
9	4	2.9603557471667936	0.9222831611162904
9	22	2.838231062749274	3.379093440056326
9	10	4.640272856469528	0.12940361779259302
8	11	5.7862994934714305	149.17448006317625
8	10	4.8129106023739	10.1575388284607
8	14	4.560243213464173	0.19338603130431667
8	22	3.308270448746146	1.7115715670624418
8	18	4.978333914320101	49.30379461878728
8	3	2.8917473415213935	1.228223955024899
8	4	3.4235922829117107	2.026614987965776
8	24	2.8920429863148995	9.659396798914408
8	9	2.3087697164680727	0.4777993048716286
