10	25	2.7884403551370864
10	13	1.447378556448712
10	17	1.5412129007297237
10	19	2.06574425818553
10	18	1.4521311740389184
10	31	2.1694659576542072
10	3	1.1256335103418678
10	9	2.746001151831574
13	10	1.6532393701726824
13	27	2.3265225736863635
13	17	2.0970595093310664
13	25	2.087662053418191
13	19	1.9932784116267537
13	18	2.0079777826402614
13	31	2.097000111095431
13	28	2.8958336194921053
13	1	2.1676445474362898
13	3	1.0531676637830916
13	7	2.1467712420401064
13	9	2.045222850112679
27	13	2.077676377267976
27	17	2.1715107215489873
27	18	2.0824289948581822
27	31	2.171451323313352
27	28	2.970284831710026
27	1	2.2420957596542106
27	3	1.1276188760010124
27	7	2.2212224542580272
27	9	2.1196740623305996
17	10	1.647283273195249
17	13	1.9972690680726215
17	27	2.32056647670893
17	25	2.0817059564407576
17	19	1.9873223146493202
17	18	2.002021685662828
17	31	2.0910440141179976
17	28	2.889877522514672
17	1	2.1616884504588563
17	3	1.0472115668056579
17	7	2.140815145062673
17	9	2.0392667531352453
25	10	2.4115932760067698
25	13	1.504954160563904
25	27	1.8282515692002126
25	17	1.598788504844916
25	19	2.123319862300722
25	18	1.5097067781541105
25	31	2.2270415617693993
25	3	1.18320911445706
25	7	2.2768126927140746
19	10	1.673093026764128
19	13	1.3947663664813814
19	27	1.71806377511769
19	17	1.488600710762393
19	25	2.1075157100096367
19	18	1.3995189840715878
19	31	2.7451662228469957
19	3	1.7013337755346565
19	7	2.794937353791671
18	25	1.9883937704609633
18	27	2.2272542907291357
18	19	1.894010128669526
18	31	1.9977318281382033
18	28	2.7965653365348775
18	3	0.9538993808258639
18	7	2.0475029590828786
31	10	1.9371466594303535
31	13	1.658819999147607
31	27	1.9821174077839154
31	17	1.7526543434286186
31	25	2.3715693426758624
31	19	2.905498156044544
31	18	1.6635726167378133
31	3	1.965387408200882
31	7	3.058990986457897
31	9	2.32913013937035
28	1	2.617329869232531
28	18	2.4576631044365027
28	27	2.776207895482605
28	9	2.49490817190892
28	17	2.5467448311273078
1	10	1.5231979194987142
1	13	1.2448712592159676
1	27	1.5681686678522762
1	17	1.3387056034969795
1	19	1.8632369609527855
1	18	1.249623876806174
1	28	2.137479713658018
1	3	0.9231262131091235
1	7	2.016729791366138
3	10	1.6452979075361043
3	13	1.3669712472533577
3	27	1.6902686558896662
3	17	1.4608055915343694
3	25	2.079720590781613
3	19	2.6136494041502947
3	18	1.3717238648435641
3	31	2.717371103618972
3	1	2.1597030847997116
3	7	2.7671422345636474
7	10	1.7683905784030665
7	13	1.49006391812032
7	27	1.8133613267566284
7	25	2.202813261648575
7	19	2.736742075017257
7	18	1.4948165357105263
7	31	2.8404637744859342
7	28	2.38267237256237
7	1	2.282795755666674
7	3	1.796631327173595
7	9	2.160374058343063
9	13	1.3332200310479003
9	7	2.105078563198071
