11	10	8.968205353846086
11	14	2.846065366990368
11	18	5.2135098784730785
11	3	3.2399742925621564
11	5	3.038670867377704
11	4	3.2779235857824487
11	6	3.4159532303648454
11	9	5.136882158407198
11	8	7.1445914154793035
10	11	9.019781195728088
10	14	5.583431880909205
10	3	3.7415366374968664
10	2	2.3046339710067105
10	5	6.9955669280041795
10	4	7.438074570865685
10	6	6.559829593176473
10	9	6.654719125613519
10	8	8.052663609315342
14	11	3.3656858677147476
14	10	5.238456841928198
14	21	3.6989050332129785
14	24	8.29075706632172
14	18	11.277093103888658
14	1	7.102472680112239
14	3	8.693792744619648
14	2	2.988536664622877
14	5	6.238137468657573
14	4	7.900174658223058
14	6	7.021929680546043
14	9	4.049447664378423
14	8	5.872449678795798
24	11	8.73692236525912
24	14	7.979982431921217
24	18	7.298603076617147
24	1	3.3272375772938303
24	3	6.3413421129656395
24	5	3.885686837003566
24	6	3.043439653270873
18	11	9.784717782459293
18	10	2.917527005218605
18	14	9.434287698034911
18	24	4.547042758435533
18	1	3.5620132966828115
18	5	3.510697783030801
18	4	2.530420954723029
18	6	4.904254768277356
18	9	5.183851543356938
18	8	8.836147877848576
1	14	5.741023395193445
1	18	3.8401144931732007
1	3	6.134932320768892
1	2	2.2589705608463855
1	5	2.6815501043408987
1	4	2.514292973840658
1	6	2.4490676939662936
3	10	5.322834882441841
3	14	11.026575877446955
3	18	4.247548788549814
3	1	5.154301476094857
3	2	3.0729147051365207
3	5	3.070436717924017
3	4	4.325964058588176
3	6	4.667248627627335
3	9	2.507786309270905
3	8	3.517768625877089
3	21	3.9865379981785054
2	10	2.2586182016015512
2	3	3.0716400864038897
2	5	2.2420242060593183
2	4	2.481276924464063
2	9	2.6956484196692796
2	8	2.4861011895556295
5	24	4.498714591746334
5	10	9.188649178365418
5	14	9.385959531345714
5	18	4.029716913621506
5	3	3.2757108744267582
5	2	2.4485729812946904
5	4	6.584286640696282
5	6	6.519061360821919
5	9	4.137796436210356
5	8	6.385855981331088
4	11	2.7678332883078687
4	10	9.72197737384644
4	14	6.870463860036296
4	18	3.7500254112876794
4	1	3.252541309465476
4	3	4.012293994364542
4	2	2.3721364034176253
4	5	6.0653424199577115
4	6	3.3938009161507545
4	9	3.2483401605221
4	8	3.463850461116685
6	11	5.0115789199236955
6	10	7.494114667507428
6	14	4.845856078141849
6	18	3.9612217983810187
6	3	3.2072157591862713
6	2	2.3800778660542035
6	5	6.479793731495615
6	4	4.48324228092477
6	24	2.804180080888345
6	9	3.866046396513107
6	21	4.106720856907378
9	11	5.042283851286149
9	10	6.102035127696945
9	14	2.4189542342735795
9	18	2.753849501225266
9	3	2.6096082353922654
9	2	2.5954900400713874
9	5	2.6115597346609154
9	6	3.8018617954507095
9	21	2.4928387108502985
8	11	8.354984531491546
8	10	6.7724217900132295
8	14	6.156712445178674
8	18	6.898117561035347
8	3	3.9083073528650085
8	2	2.4714046863748527
8	5	5.1483360806555245
8	4	4.777824025702182
8	9	3.5508633679324295
21	9	2.618966786183
21	3	3.4014683018225957
21	5	2.7751073459311266
21	14	3.4140692251570117
21	6	3.9654094067245795
