11	20	0.9999999997274291	2.0000000005451417
11	17	0.9999999997379541	3.433403746686111e-20
11	19	0.9999999997241216	3.805445440363445e-20
11	36	0.9999999997420286	3.327462728484154e-20
11	33	0.9999999997381352	3.42865741974167e-20
11	7	0.9999999997262172	3.747850373237413e-20
25	9	0.9999999997355307	3.497201466241436e-20
25	34	0.9999999996749027	0.5000000003250973
39	20	0.9999999997441229	3.273654445832989e-20
39	17	0.9999999997391407	3.4023796102301194e-20
39	33	0.9999999997461719	2.000000000507656
39	34	0.9999999997461075	4.500000000761677
39	7	0.9999999997462723	3.218887427233778e-20
39	9	0.9999999997390128	3.4057167588097346e-20
20	11	0.9999999997144822	2.0000000005710357
20	25	0.9999999996538635	2.000000000692273
20	39	0.9999999997422306	0.5000000002577694
20	17	0.9999999996942215	12.500000001528893
20	19	0.9999999996581272	4.500000001025619
20	36	0.9999999997104361	4.192363431250835e-20
20	34	0.9999999996823123	12.500000001588436
20	1	0.9999999997321636	3.5868173861404576e-20
20	33	0.9999999995014544	2.0000000009970913
20	7	0.9999999997102744	4.500000000869177
20	6	0.999999999734007	8.000000001063974
20	9	0.9999999997294613	3.659559478911051e-20
17	39	0.9999999997400799	0.5000000002599201
17	20	0.9999999996774145	18.00000000193551
17	19	0.99999999966056	5.760976753923893e-20
17	34	0.9999999997374474	18.000000001575316
17	1	0.9999999997036615	4.500000000889015
17	33	0.9999999997083964	32.000000002332825
17	7	0.9999999997353903	3.5009138070072215e-20
17	6	0.9999999997373616	40.50000000236374
17	9	0.9999999997381237	2.0000000005237526
19	1	0.9999999997306284	0.5000000002693716
19	11	0.9999999997106177	4.187105659127901e-20
19	20	0.9999999996727333	0.5000000003272667
19	33	0.9999999997278479	3.703337695698475e-20
19	6	0.9999999997443987	40.50000000230042
36	33	0.9999999997358016	3.490040808763448e-20
36	39	0.9999999997402549	3.373376220292955e-20
36	20	0.9999999997233648	3.8263505659518595e-20
34	25	0.999999999680858	5.09258228019434e-20
34	39	0.999999999746024	8.000000001015906
34	20	0.9999999997054441	4.3381599480348957e-20
34	17	0.9999999997398343	60.50000000286182
34	33	0.999999999679773	2.000000000640454
34	1	0.9999999997318949	3.594017062897489e-20
34	9	0.9999999997335189	0.5000000002664811
1	39	0.9999999997370095	3.458200634512962e-20
1	20	0.9999999997340598	3.536208402688354e-20
1	17	0.9999999997183884	18.000000001689667
1	34	0.9999999997225726	3.848298512329979e-20
1	7	0.9999999997356581	3.4938315214895216e-20
1	6	0.9999999997362155	4.500000000791354
33	11	0.9999999997323905	0.5000000002676095
33	39	0.9999999997399729	0.5000000002600271
33	20	0.9999999993437032	18.000000003937778
33	17	0.9999999996913989	2.0000000006172023
33	19	0.9999999997309916	2.0000000005380167
33	36	0.9999999997035989	4.500000000889203
33	34	0.9999999995919366	12.500000002040315
33	7	0.9999999997229079	4.500000000831276
33	6	0.9999999997322244	3.585188048500316e-20
33	9	0.9999999997231384	3.832618515888987e-20
7	11	0.9999999997241558	0.5000000002758442
7	39	0.9999999997470188	2.0000000005059624
7	20	0.9999999996924718	4.500000000922585
7	19	0.9999999997188698	0.5000000002811302
7	33	0.9999999997410884	0.5000000002589116
7	6	0.99999999974191	3.330522245524419e-20
7	9	0.9999999997372915	3.4507883661514684e-20
6	11	0.9999999997362301	0.5000000002637699
6	39	0.9999999997383697	0.5000000002616303
6	20	0.9999999997378342	12.500000001310827
6	17	0.9999999997436921	40.50000000230676
6	19	0.9999999997438209	3.2813859989898567e-20
6	36	0.9999999997366564	3.467491771250782e-20
6	34	0.9999999997381592	2.0000000005236815
6	1	0.9999999997362341	4.500000000791298
6	33	0.9999999997386126	4.500000000784162
6	7	0.999999999738737	0.500000000261263
9	11	0.9999999997425202	3.3147927629710954e-20
9	33	0.9999999997354436	0.5000000002645564
9	20	0.9999999997372293	3.452421883699306e-20
9	7	0.9999999997367834	2.000000000526433
9	34	0.9999999997386442	3.415343385813897e-20
