26	12	3.2771369909616315
26	16	3.982577641618013
26	30	5.837969725989812
26	36	1.2263563616871318
26	3	7.540576433923872
26	4	2.716677331773882
26	6	3.008673803366097
26	9	1.0398101506464132
26	8	9.864020326810717
12	26	0.621860115666576
12	17	0.5585721372106938
12	3	4.110373080931255
12	2	2.0265836078110944
12	4	6.197141410176993
12	9	1.0834881951475934
15	6	2.7241957061478743
17	36	0.707415837039769
17	16	0.008303401270347122
16	26	2.48192760345758
16	17	0.5893453049274344
16	30	4.711439073293588
16	36	1.3193552557070838
16	2	8.968024206911366
16	4	3.5856005600046204
16	7	3.6081785598342546
16	6	5.337476866373835
16	9	3.350065531848461
30	26	7.158776231536863
30	16	5.703601296914612
30	3	1.9073274453193536
30	2	3.0756167634463942
30	4	1.3517817566881745
30	7	1.1711048320647064
30	6	3.3069129875019554
30	9	0.5064819551653905
30	8	6.503670870785852
36	9	0.23994038523009614
36	3	0.4212563286715422
3	26	13.338258292358061
3	12	5.855919307758119
3	17	0.45136239161688796
3	30	1.9125944603040939
3	36	0.14655003833143276
3	4	7.124753968644632
3	6	4.774436422347735
3	8	1.8735465720629496
2	12	1.9357525118258172
2	16	9.145350744952205
2	30	3.277055700137822
2	3	5.386172256973207
2	4	8.2859602840216
2	7	7.0704610553452225
2	6	3.4965836443045464
4	26	2.6670009450221985
4	12	3.1116040140408123
4	30	1.4040833355623783
4	3	10.830377172694819
4	2	13.218196037489253
4	7	1.1323902017113876
4	6	3.0463957508898436
4	9	1.4840419470800232
7	26	0.9104857634665524
7	16	0.6562926937621059
7	30	0.8856453825212813
7	3	0.9436650130272695
7	2	4.957523273487989
7	4	1.404393946655505
7	9	0.7808967513878549
6	26	2.549430035868495
6	12	2.1995610888742916
6	17	0.6568477373383492
6	16	4.549588816950206
6	30	3.3561570345437617
6	3	4.615158529960237
6	2	7.815997092606107
6	4	2.840083294600686
6	7	2.0496415966276667
6	9	1.5882736441851124
6	8	2.910599297389096
9	26	-0.12067910124010439
9	16	2.4706967713891266
9	30	1.8870297623407701
9	36	0.5274951892779728
9	2	0.8775345419945503
9	8	1.6447269496428651
8	9	3.325248461109154
8	30	6.312661398183979
8	16	5.270289011614834
8	7	0.9410474712143722
8	6	4.702895022276441
