24	11	1.8308749305060856	0.6903531501434926
24	10	3.1737745971577214	0.6826484163018857
24	13	2.7940971183437697	0.04239599667433957
24	21	6.234672865448215	1.5244170846741063
24	19	1.9700522120131363	0.9410012940315787
24	28	3.447802749343121	5.991738299691742
24	26	6.648596826680211	69.74593496333583
24	2	5.536124670071451	2.1429309815734188
24	5	4.56235609685269	12.69038096078353
24	4	6.095496848258388	0.009119648027285541
24	7	3.452285916389278	6.013706215721201
10	11	4.7499823793648215	3.062438328087362
10	13	1.8019464186921839	0.6431180584532195
10	21	4.431640204350003	2.0495936747113195
10	22	5.544903471404838	0.29691979314904354
10	19	3.220447753010344	60.52143316364181
10	28	3.520819894906798	6.14633399348994
10	26	3.381766364505422	5.672811015089375
10	2	5.8864501976372186	4.4670927670677525
10	5	2.4086560647987216	0.3496876496993337
10	4	8.04915914818284	8.707461732753025
10	7	3.8758732958966764	1.2636608468782013
10	8	6.101971569522576	9.62222761812635
13	24	2.933622455617313	0.8716508896329015
13	26	2.516895460711445	30.064435388766757
13	21	2.204852499776389	0.04196454666463544
13	22	2.3440522269037523	1.8064763886449355
13	19	1.9120923387060307	0.8319124343262366
13	28	2.100082412859576	24.009192360768033
13	2	2.378400762727002	1.8999886626863811
13	4	2.3442064400516607	0.11847807337303748
13	8	2.483406130458533	2.200493747881958
21	24	5.43012389485188	6.6042631958112725
21	10	7.314409533556784	39.8717677574728
21	13	1.484715440557519	0.23494905831486965
21	19	2.7638031280907125	0.5833952184811574
21	28	3.6221033819887243	28.921772034017117
21	26	7.100425746755304	4.411788317632578
21	2	4.874774333801096	0.7652301350771507
21	4	10.931475046991073	24.319446139095607
21	7	4.393092753112869	0.15452191254985512
21	8	4.810756331210149	0.03581316617704295
22	10	6.297779491159394	0.08867262535514778
22	26	3.3006238149749483	1.6916223080799886
22	21	5.4632045599098085	6.067376703960473
22	19	1.7464478157193022	10.5856018158377
22	28	2.7442258526783028	0.06542041443814128
22	2	5.805056882843813	7.868344115989447
22	4	5.880408437550312	23.818386517312273
22	7	3.515677635609713	2.203212881429172
19	11	2.524538696266716	2.324218236414618
19	10	3.120113319034366	78.85238746679084
19	21	2.8419511826854844	3.392784159396455
19	22	2.2857041469728996	0.5102185656517131
19	28	2.521316681323677	2.1865043569316236
19	2	2.5216308265550698	2.1855754129922462
19	4	3.6772619347198416	1.7496359893410964
19	7	2.0080571238458305	0.9839506695530061
19	8	2.4256477836618933	0.32988046841249535
28	24	3.3647817473177755	0.13306572317620938
28	10	4.8975464084459635	82.85466138639498
28	13	2.4330556533126924	2.0536485054914677
28	21	3.506521257699336	0.256563784501317
28	22	3.7848867280453398	3.1858206319523985
28	19	2.5833954719557	41.17281366931861
28	26	4.756130778097631	5.034949085000741
28	5	3.9214814518622845	8.535053873575361
28	4	5.176482966004332	33.913350645237706
28	7	3.228870115933806	4.967861993702777
28	8	4.481199234591364	0.2315527033713148
26	24	5.968669697515863	25.31428461269512
26	10	3.745606003061119	5.0822922934340635
26	13	2.254067901614861	7.540143088941813
26	21	8.893514482637457	0.011339165407968487
26	22	3.0506127677632255	1.1037871877871053
26	28	3.7436035359227526	150.21925428464527
26	2	4.1610313332266005	9.992119089640338
26	5	5.274194999079963	5.171962893840314
26	4	7.780713888954339	3.1709419543148862
26	7	3.607248467637633	2.583247636723519
26	8	4.1638528610452115	4.682259204253548
2	24	6.16125871360061	3.380969518309684
2	10	5.885626402887642	9.69932290239057
2	13	2.02773331146045	1.0562357594854621
2	21	4.772965180916028	0.05154480907649187
2	22	6.859823417254628	34.3375304814057
2	19	2.4559623954311958	0.20790170604735414
2	26	3.7962240036616475	0.6339726640069832
2	5	5.743968398956172	22.505236170294783
2	4	7.416637363112418	0.1735866923412689
2	7	2.8259379476899777	1.3784217026744214
2	8	4.634619393127279	6.9412193466423515
5	24	5.607139375843829	21.225733228450668
5	10	2.6894221283573416	0.47530287106876684
5	26	6.581023004067696	31.147817771932804
5	19	2.3192539692007443	1.7404310352519186
5	28	4.494353157728501	6.2217976754701425
5	4	5.611054548540009	6.817605855451471
5	7	3.385201969628971	5.689188435921921
4	24	3.6635193124605943	0.4402578780081797
4	10	10.138072433021515	0.019063996760480702
4	13	1.8066115571509944	0.650622204129552
4	21	11.668853690102678	13.460487399380034
4	22	7.495927708448235	12.278522624420836
4	19	4.754739167273654	39.00328286878577
4	28	4.498105082104744	6.259478180190109
4	26	4.4983667464756465	0.2483694139927213
4	2	7.142164200998437	0.7358822580486505
4	7	4.017594548516814	0.00030956813751052453
4	11	4.198288197958653	4.8324710012843015
4	8	8.191267548847142	38.3317938614077
7	10	3.369134375543675	0.13626018720801897
7	26	2.7371158739791763	3.0175715596304378
7	21	4.760372349059221	14.140400203569163
7	22	3.926016240533892	4.301408634529171
7	19	2.29771703277005	2.897767300521204
7	28	2.7370881305358683	0.5432989121768612
7	2	3.43314384978099	12.722462796355178
7	4	4.621543520097152	2.6294033875690626
7	8	3.7869459300365955	3.1931757568743535
11	19	2.8689517170434007	3.4929805206394757
11	10	4.160666761973591	1.3471473323502603
11	26	2.030916006740668	1.062787812954125
8	10	7.024281796686442	25.243407572514744
8	26	2.7751927167360337	1.5001528811364577
8	21	5.215708405272804	17.77219735828777
8	19	4.143918458685268	1.3085494401208786
8	28	2.9143200610375786	3.6646212960909184
8	2	3.888223223199632	8.341833387029672
8	4	6.328990917579767	0.4502531886904431
8	7	2.9901783444881618	3.96080984286964
