11	39	0.9999999997836966	18.00000000129782
11	12	0.9999999997832818	18.000000001300307
11	14	0.9999999997834963	2.343692689119226e-20
11	17	0.9999999997825713	220.50000000456603
11	23	0.9999999997827742	12.500000001086127
11	19	0.9999999997839075	84.5000000028092
11	18	0.9999999997838156	4.500000000648553
11	16	0.9999999997848561	12.500000001075717
11	34	0.9999999997849232	2.0000000004301537
11	3	0.9999999997837179	0.5000000002162821
11	4	0.9999999997838214	8.000000000864716
11	6	0.9999999997838946	4.500000000648316
13	11	0.9999999997818976	2.000000000436205
13	39	0.9999999997819953	2.3763030144664135e-20
13	34	0.9999999997818905	2.3785883633626144e-20
13	3	0.9999999997819957	2.3762933331216504e-20
13	4	0.9999999997819975	8.00000000087201
13	6	0.9999999997819979	2.000000000436004
12	11	0.9999999997819145	0.5000000002180855
12	17	0.9999999997818683	0.5000000002181317
12	23	0.9999999997834594	2.000000000433081
12	19	0.9999999997819229	0.5000000002180771
12	18	0.9999999997818914	2.378568991384251e-20
12	34	0.9999999997819136	2.378084717563145e-20
12	6	0.9999999997818918	2.3785593054246516e-20
14	19	0.9999999997821027	2.373960704133057e-20
14	39	0.9999999997819544	2.3771937825532954e-20
14	16	0.9999999997821036	0.5000000002178964
17	11	0.9999999997834657	40.500000001948806
17	39	0.999999999783673	12.500000001081633
17	12	0.9999999997836273	4.500000000649118
17	23	0.9999999997829159	18.000000001302503
17	19	0.9999999997782472	50.00000000221753
17	18	0.9999999997830846	4.500000000650746
17	16	0.9999999997795617	2.0000000004408767
17	34	0.9999999997838307	4.500000000648508
17	3	0.9999999997818803	2.3788111467837315e-20
17	4	0.9999999997829834	0.5000000002170166
17	6	0.9999999997833688	2.0000000004332623
23	11	0.9999999997828337	18.000000001303
23	39	0.9999999997829905	2.3546566202963168e-20
23	12	0.9999999997840558	2.0000000004318883
23	17	0.999999999782879	0.500000000217121
23	16	0.9999999997829732	2.3550324844835102e-20
23	19	0.9999999997828408	0.5000000002171592
23	18	0.9999999997830233	2.0000000004339533
23	34	0.9999999997829923	0.5000000002170077
23	6	0.9999999997830336	0.5000000002169664
19	11	0.9999999997823141	312.50000000544213
19	39	0.9999999997842015	50.00000000215799
19	12	0.999999999783733	2.3385708575503923e-20
19	17	0.9999999997765747	128.00000000357483
19	23	0.9999999997823088	12.500000001088454
19	18	0.9999999997838853	18.00000000129669
19	16	0.9999999997838125	8.000000000864752
19	34	0.9999999997850364	50.00000000214964
19	3	0.9999999997766533	0.5000000002233467
19	4	0.9999999997834608	40.500000001948855
19	6	0.9999999997841611	4.500000000647517
18	11	0.9999999997837219	50.000000002162786
18	39	0.9999999997845967	0.5000000002154033
18	12	0.999999999783129	2.000000000433742
18	14	0.9999999997832374	2.349301408380054e-20
18	17	0.9999999997829847	0.5000000002170153
18	23	0.9999999997831122	18.000000001301327
18	19	0.9999999997826627	12.500000001086686
18	16	0.9999999997819735	2.3767774245186722e-20
18	34	0.9999999997837095	8.000000000865164
18	4	0.9999999997799507	2.4210849878980353e-20
18	6	0.9999999997845537	50.00000000215447
16	11	0.999999999784972	12.50000000107514
16	39	0.999999999783717	72.00000000259539
16	12	0.9999999997838005	2.3371112493589342e-20
16	17	0.9999999997695612	2.65510154725918e-20
16	23	0.999999999780842	2.4015119974320245e-20
16	19	0.999999999778761	12.500000001106194
16	3	0.9999999997807487	2.403556272289413e-20
16	4	0.9999999997779221	2.465929941381089e-20
16	6	0.9999999997841913	2.328669841294225e-20
39	11	0.9999999997833973	12.500000001083013
39	13	0.9999999997824962	2.365394993125588e-20
39	14	0.9999999997825681	2.0000000004348637
39	17	0.999999999782831	24.50000000152018
39	23	0.9999999997825584	2.3640429111720185e-20
39	19	0.9999999997832476	18.000000001300517
39	16	0.9999999997834084	72.0000000025991
39	34	0.9999999997830598	0.5000000002169402
39	3	0.9999999997841917	2.3286602574723913e-20
39	4	0.9999999997843392	50.000000002156604
39	6	0.9999999997842575	2.3272420692905087e-20
34	11	0.9999999997840336	12.50000000107983
34	13	0.9999999997818616	2.3792179956030412e-20
34	12	0.9999999997819353	0.5000000002180647
34	17	0.9999999997821511	8.000000000871395
34	19	0.9999999997840292	84.50000000280762
34	18	0.9999999997824878	40.5000000019576
34	39	0.9999999997824789	2.0000000004350422
34	4	0.9999999997824798	12.500000001087601
34	6	0.9999999997824802	12.500000001087601
3	11	0.9999999997836619	2.3401077794748163e-20
3	19	0.9999999997807452	4.5000000006577645
3	12	0.999999999783328	2.3473380752663774e-20
3	17	0.9999999997703197	2.637651431591647e-20
3	16	0.9999999997822373	2.3710296050890216e-20
4	11	0.9999999997840101	60.5000000023759
4	13	0.999999999783344	8.000000000866624
4	12	0.9999999997833964	2.345856494892683e-20
4	17	0.9999999997832596	8.000000000866962
4	16	0.9999999997761075	12.50000000111946
4	19	0.9999999997814175	72.00000000262298
4	18	0.999999999768244	2.6855409662465987e-20
4	39	0.9999999997828302	32.00000000173736
4	34	0.9999999997840057	40.500000001943945
4	6	0.9999999997830082	98.0000000030379
6	11	0.999999999783689	4.500000000648933
6	13	0.9999999997830487	2.0000000004339027
6	17	0.9999999997832236	8.000000000867104
6	16	0.9999999997837405	0.5000000002162595
6	19	0.9999999997837361	84.50000000281143
6	18	0.9999999997845679	98.00000000301605
6	39	0.999999999784575	2.00000000043085
6	34	0.9999999997836206	12.500000001081899
6	3	0.9999999997841327	0.5000000002158673
6	4	0.9999999997838604	162.0000000038905
