24	10	1.5108081235615396	20.152843703481064
24	27	4.182900695814773	1.399254056159074
24	14	4.322572527046831	21.87832776473707
24	17	3.6273018057128508	40.6112822754707
24	23	6.131904025952819	0.7535906201569239
24	32	4.185378335186215	190.8437717419424
24	30	1.0621569526094796	0.0038634867576970953
24	22	0.8152446254856672	10.142666795497929
24	2	2.655435392034871	18.875241632783194
24	5	3.3514805928658515	13.311693864234519
24	9	1.6500339166244316	0.12247625951323533
10	24	1.489572656280199	0.2605360732168519
10	27	3.019963833336131	4.080253887985997
10	14	2.8810675077439183	0.014144937714242937
10	22	2.130400071742661	0.7562040352251691
10	23	2.6993530811993476	2.8878008945817166
10	32	1.865013399915207	9.82814098271121
10	17	2.0043601609147355	0.9912986891737314
10	9	2.686949113062159	2.845797310061205
27	24	2.982443028531823	0.9651943043107806
27	14	4.791121582790162	7.790359689917061
27	23	6.185807591320052	26.892600374192682
14	24	3.5140263958672904	6.180064760444574
14	10	3.4857342967949343	6.321532026313264
14	27	5.183482154268443	10.134558626545648
14	17	10.195470954597763	3.256325075700309
14	22	2.2338007454866875	0.5870612976167559
14	32	4.770331793175439	17.8900931398225
14	2	1.710016601500914	10.823990762399596
14	5	1.0146089881600466	3.9417774698948738
14	9	4.042703034995661	3.8310114092151966
17	24	2.086230590887838	79.4552850788238
17	10	2.3369095807005333	1.7873272269688758
17	27	7.372949741652271	19.122689443016668
17	14	9.738730554290857	5.113339506097734
17	22	2.4765909995778266	30.508046985944674
17	32	7.666603100657398	0.11115349249126093
17	30	1.0380838874614433	0.0014503824841758791
17	2	2.79800842116589	38.464699543929214
17	5	1.96355930795968	4.147090692197657
17	9	3.589939324573934	5.808392459235145
23	24	4.849881986834303	0.7222993915454224
23	10	2.1794766552356184	1.3911651802458018
23	22	1.0667449395104152	3.737475128908588
23	32	2.6398105011309094	0.4093574773573854
23	5	3.474797608386297	0.27583755215675343
23	9	1.484388295941073	6.328302245598258
32	24	2.70667657574098	151.12580081343552
32	10	1.010171995096322	8.939071498906308
32	27	2.70667441709612	2.9127375659703807
32	14	3.54188840833484	19.874758963739268
32	17	10.791417118765914	0.043506818343913
32	23	2.44450351351804	2.4195693194577217
32	30	2.6311179523402455	0.39830986976614435
32	22	0.5931905313569743	29.233588630207876
32	2	6.479826799568321	56.55300496449084
32	5	5.924353070367228	82.36736719135276
30	9	0.44716457346026806	0.3056270088373674
30	2	1.6096509645186328	1.9330704404639683
30	5	1.3317926109336318	13.455745449201101
30	22	0.3081210705579438	0.47869645300588576
30	17	2.4449771196180365	0.3080503977474913
22	24	0.9964844847318695	16.028136480992647
22	10	1.7767588814191904	0.04983659702521111
22	14	1.5530293520422338	0.305841464220253
22	17	2.624177727950017	1.8928869242687771
22	23	1.928654363632172	0.8623989270930744
22	32	1.0940112939665425	0.008838123393263671
22	2	1.2332061260333216	0.05438509721946947
22	5	1.2332812527589532	0.0544201428887866
2	24	3.9023389515467044	82.76743655254431
2	10	1.2323981555594643	3.1244162804695836
2	14	3.6249163792659362	107.64236013722424
2	17	3.364276650384601	185.93295126724658
2	32	7.260162626065287	0.5473593398706125
2	30	1.3226147891818125	0.4588507238352003
2	5	1.8352734774551482	103.32166527812676
2	9	1.0933537173556886	3.6353000471213712
5	24	3.6631476023664087	53.82940310466178
5	14	2.133015820251993	0.7516615679333247
5	23	5.212718229891239	7.768939665980628
5	32	5.352770891583672	74.77457125344264
5	30	3.03043430352201	0.0009262468308698194
5	2	1.8755445065737606	102.50459903836877
5	9	0.9923894471394699	5.7920514842923496e-05
9	24	2.3748855452942887	0.39076808148201875
9	10	1.903278841219106	0.8159126649941308
9	14	2.653489102971691	5.506113389872598
9	17	3.8640061657847857	1.2904819913749837
9	23	1.0816869635820787	0.006672760019259855
9	32	1.2209562821686994	0.606909114292415
9	5	0.8037467795397231	1.431021767461584
