11	10	3.2457731469043933
11	12	3.14949696302814
11	15	1.917527861791338
11	19	4.015287965794597
11	2	2.1490951666603655
11	7	4.757084222708705
11	9	2.7964303414470355
10	11	3.8671651176575916
10	12	4.746748556588047
10	15	1.888740059733742
10	19	7.238578954972007
10	2	1.917052440150887
10	4	3.739716462004058
10	7	7.777120287441549
10	9	7.035995952892397
10	8	8.147239030201051
12	11	3.4520344152499556
12	10	4.021384189143142
12	15	2.526979343189584
12	23	11.471682526966886
12	19	3.164859612415844
12	4	10.069093630139454
12	7	8.1935569646386
12	9	4.606863687755768
12	8	7.528853403336655
15	11	1.2435227938839282
15	10	1.6096176433325489
15	19	1.7693676888646657
15	1	2.207348864677716
15	2	2.1760744223186235
15	4	2.372699048550634
15	7	1.919946854222716
15	9	2.195097141945174
15	8	1.6617531418221003
17	2	6.584653630795641
23	11	4.272682283729345
23	8	15.463423627705117
19	11	5.571626456811304
19	10	6.953995928531535
19	12	4.621915575679691
19	15	1.967162003269952
19	17	7.927380792341281
19	23	7.6968817594163115
19	1	2.4518063567532065
19	2	3.418258854851497
19	4	4.834413027799683
19	7	6.0262479109034945
19	9	5.2851235763543425
19	8	11.2744848405277
1	10	1.6468494796366473
1	12	3.3984152976452258
1	15	1.9631912719516627
1	23	1.779970537163336
1	2	3.4142881235332077
1	4	5.033697220938154
1	9	2.6388388271554772
1	8	2.3087497514842865
2	11	1.8972231277439064
2	10	2.466572901649288
2	12	4.0334314769946005
2	15	2.3949525268564713
2	19	5.268636965058322
2	1	4.08057874525387
2	4	9.124047115991491
2	9	2.4422876269001668
2	8	7.803336435904871
4	11	2.085832865362639
4	10	5.704006506058461
4	12	11.539218494910386
4	19	4.847481929318968
4	2	6.067208360587774
4	7	2.9655118501581876
4	8	10.22775034249919
7	11	2.783701354947104
7	10	5.3856003733713145
7	12	5.917636644655181
7	15	1.8400986010847005
7	19	3.5128011743724072
7	9	6.396137402687298
7	8	8.080049889749981
9	11	3.0594221259504457
9	10	4.848301446572002
9	12	2.9412786244235174
9	15	1.9125644476434767
9	19	3.178757172029856
9	4	1.7309916053864276
9	7	10.665061299486993
9	8	4.290672171703466
8	10	7.969032812355823
8	12	8.07601155293633
8	15	1.7626693403780629
8	17	6.0968487338196935
8	23	18.061645168019894
8	19	15.445960138221578
8	4	7.475489307253668
8	7	11.309638208234398
8	9	7.113180157993479
