10	20	-0.7295182559316215
10	14	0.42496242652306493
10	17	0.8147964814222645
10	18	0.38984351762198644
10	5	0.7621024998451896
10	7	0.9140999183070818
10	6	-1.1519127339835524
10	9	0.20607135086468953
10	8	-0.1661294596960855
13	9	0.6398737473877744
13	10	-0.09044209378159215
13	5	0.5675924412081552
13	8	-0.3606395183331198
13	18	0.8236459141450713
20	10	-0.5103469306906652
20	14	-0.18945246902304236
20	23	0.591623481728894
20	5	0.14768760429908223
20	7	0.29968502276097453
20	6	-1.76632762952966
20	9	0.21996891047870137
20	8	-0.7805443552421928
14	10	0.2728240458827291
14	2	-0.1813133334714806
14	5	0.9308585808724766
14	7	1.082855999334369
14	6	-0.9831566529562655
14	8	0.0026266213312015063
17	9	0.4889859572927884
17	18	0.6727581240500853
17	23	0.23232807338286188
23	10	-0.3296786557085108
23	13	0.5844093522181526
23	20	0.0933600338246639
23	14	-0.008784194040887983
23	2	0.47280887525751775
23	5	0.3283558792812366
23	7	0.4803532977431289
23	9	0.40063718546085575
18	10	0.00882618917563549
18	17	0.719554705742458
18	23	1.1107966015951947
18	2	0.811313720141664
18	5	0.6668607241653829
18	7	0.8188581426272752
18	6	-1.2471545096633592
18	9	0.739142030345002
2	13	0.40274839440642607
2	5	0.14669492146951002
2	6	-1.767320312359232
5	10	0.4524996380353112
5	13	0.7382751908018554
5	20	-0.3810865827517524
5	14	0.773394099702934
5	17	1.1632281546021335
5	23	0.2978451401346321
5	18	0.7382751908018554
5	2	-0.0016377413188985446
5	7	1.2625315914869508
5	6	-0.8034810608036835
7	10	0.2341094155294104
7	14	0.5550038771970331
7	17	0.9448379320962328
7	18	0.5198849682959548
7	5	0.892143950519158
7	6	-1.0218712833095842
6	10	0.1259069871060322
6	20	-0.7076792336810314
6	14	0.446801448773655
6	23	-0.02874751079464688
6	18	0.4116825398725765
6	5	0.7839415220957797
6	7	0.9359389405576719
6	9	0.22791037311527962
9	10	-0.42199815885873254
9	20	-0.627271924485677
9	14	-0.10110369719110973
9	17	0.2887303577080899
9	5	0.23603637613101486
9	7	0.38803379459290716
9	8	-0.6921955834102602
8	9	0.28846402571918844
8	10	0.18646063970994103
8	20	-0.6471255810771226
8	14	0.5073551013775639
8	6	-1.0695200591290537
