11	25	3.7754924970287815	3.1523736070054977
11	15	2.523489309885078	2.3210196773341116
11	10	3.5576702657802732	2.426336656895987
11	18	2.8860487990045325	3.5571800722264393
11	28	2.384396425268924	1.916553462297375
11	29	2.3851372434552562	57.98613480101221
11	9	2.166862899547212	14.692940030867607
11	8	3.3036673365313574	7.270209832087905
10	11	2.3091035732799368	32.386302139655186
10	25	2.256308702289023	1.5783115554471294
10	26	5.734386644388334	22.414416898562624
10	21	1.6137435630386672	1.9217069090167298
10	17	3.923960893572377	4.309938371416803
10	16	1.752909841312884	0.5668732291457923
10	18	2.4491767614598787	30.81163862551704
10	29	3.6476834837697467	2.714860862687609
10	9	2.9504433496786646	1.1015691622337418
10	8	5.232118103877054	3.1254063986392615
26	11	3.854282084719976	8.146926219153412
26	10	5.348340792452112	18.908067647303064
26	15	2.6504643447553704	2.724032553308774
26	17	2.705312897683275	0.08684048827182796
26	25	2.6506639585637313	0.12203566984636247
26	18	2.045741400268161	0.0020922756984921072
26	9	2.0097701539268877	1.0196357637615305
26	8	3.2980953062271348	0.49267019914037974
15	25	3.041489094328153	0.001721344948170392
15	26	3.1806868482373223	4.755395130075226
15	21	2.297651047691476	0.08859614619183345
15	10	2.261601672351397	3.02202874557146
15	18	2.2978050943257404	0.4930776855548823
15	28	2.76345774152356	0.055952240045134875
15	29	2.764315572562211	67.8264979883413
15	1	1.879566690894837	0.014504181942019745
15	9	1.9834226576120382	0.0002748082806477158
15	8	2.2978759210194544	7.301474538206462
21	8	3.040618701515286	3.8391750728516434
21	28	2.538605377076861	0.29009575221610745
21	18	3.1798690309837845	1.3920909302746145
21	17	2.3212629940989165	0.4606839231795675
21	10	2.739109370307144	10.63340769881867
17	25	1.8912560283196314	0.7943373080160835
17	26	2.169835887202817	3.3495006797707
17	21	1.5280672281537928	2.166586084834859
17	10	4.11566517420031	9.707369477724649
17	29	2.3090232932693375	1.713541982321702
17	9	3.977150875357398	9.137616830352545
17	8	2.3628962762684074	0.13169370732947625
25	11	3.1896375250245566	4.794512490995666
25	26	2.9607006388952772	0.0015444397832393964
25	15	3.239095696262857	1.5353581444971343
25	17	2.875529454934473	3.517610736326801
25	18	1.9376082559119188	0.0038927297303526197
25	28	3.1000191149030543	4.410080282958208
25	29	3.9348151279743666	8.613139835387198
25	1	2.911126383094622	0.007898519781843867
25	8	2.3550317105105436	0.12604751546804244
18	11	3.0875257433550143	1.1827122424598764
18	10	3.620999515241195	0.14364136744740927
18	26	2.5851662302752403	0.17208705650405498
18	15	2.585682072636444	19.486202763843284
18	21	3.087743192991639	3.656726095949813
18	25	2.5856775734390895	2.5143733669076793
18	16	3.0878083602812647	4.358943749260344
18	28	5.368203264773576	11.344793232831375
18	29	3.6995030766582855	39.69626148103842
18	1	2.147160452394208	1.3159771035372836
18	9	2.508037422199243	0.2420271779563659
18	8	5.314687937189408	93.80526975402437
16	8	3.064237506071244	4.261076481471228
16	28	2.561693829642051	2.4388876175420555
16	21	3.0643025227823855	4.261344905565721
16	18	3.2034993194786203	4.855409250942743
16	10	2.344229717728488	1.8069535340244107
28	15	2.341446553755451	2.7507995340496696
28	21	1.874240334795807	1.2673348238006568
28	18	2.9874894285915308	1.0251776572139049
28	29	5.541351855951268	6.458469255746953
28	1	2.8485188840404922	0.7199842965733223
28	8	7.4393113034089735	41.46473006221057
29	11	2.0088818033319775	35.8934972464467
29	10	2.807707101270629	26.959905546195454
29	15	2.475853641921044	42.5644857016349
29	18	2.983024893736931	25.170039216863334
29	9	3.6425799698132932	0.41290901760525284
29	8	4.652485161540099	13.340647855270603
1	11	1.5157344121513976	0.23451315957435245
1	25	3.402704501201265	5.7729889200928195
1	15	1.315994989159269	0.09985283317376656
1	21	1.237671639383251	0.5811445294006201
1	17	1.7929041802764267	0.6286970390998322
1	18	1.2377599359068223	0.056529787122416256
1	8	1.5161766071194598	0.23408507549843757
9	11	1.609464438173016	1.9335891487054857
9	10	2.9459757781208955	0.0029186165496427126
9	26	2.1120956298427775	1.236756689915404
9	21	1.6095227415379445	0.3715179724519319
9	17	3.7809480169592264	0.6098798051925483
9	18	2.1661487743480383	0.027605415217355357
9	29	1.6947953386631625	0.4827405626280586
9	8	3.1403117210951965	0.7390639368863032
8	11	3.239176397944239	22.66544136989119
8	10	6.553950747885443	11.875255447999299
8	26	3.70947583436074	1.6654526220989083
8	15	1.901286288944477	9.60202666308349
8	21	2.404678449274089	12.92633705311417
8	17	3.076391086606833	15.394706905258309
8	25	2.318663193331014	0.4642198441218915
8	18	4.6313942384662035	54.29635086890906
8	16	2.4057091282239833	0.3531816402762979
8	28	6.352974801279943	28.65433922313805
8	29	4.544784759078997	0.20722091556676686
8	1	2.0195478952066224	0.00038212020700908973
8	9	3.4941000932585506	12.291334156089704
