10	26	0.4386370172427491
10	21	4.881660173299932
10	22	2.459598554413271
10	7	0.7136614360318561
10	6	1.047138189213217
10	8	2.1929753764317788
26	10	1.5040521882625408
26	21	3.6730501377090508
26	22	7.570438858662063
26	16	1.1223233379219346
26	1	2.5218813441914834
26	3	1.9694038395070828
26	4	5.6821355745961535
26	7	1.5376006449719997
26	6	2.480842171511449
26	8	4.236444132088098
26	25	3.186245151135132
26	14	0.8300091028619071
21	10	5.0040566312887185
21	26	2.526776500229821
21	22	3.124953566227407
21	16	2.386523611968863
21	4	3.0659446022479577
21	7	5.056152769796551
21	6	2.544060580644233
21	8	2.67362314560338
22	10	2.6739475935037613
22	26	3.873803784383228
22	21	3.8266709206750025
22	16	3.105238440974346
22	1	1.0494627315435914
22	25	2.52684623629843
22	7	7.3823593126175036
22	6	4.6670121990084255
22	8	7.6421437063012485
16	8	1.3402483654425759
16	5	1.7209343655926832
16	22	0.5905969211597755
16	7	1.0804639717502917
16	10	2.081737819114474
1	10	3.215217251621362
1	26	3.786760987340709
1	22	1.1328592621069487
1	5	1.2469220842719047
1	4	4.935693862716933
1	7	0.19994184153306493
1	6	0.7366735191663087
3	6	1.075178364050455
5	14	0.7833530098720101
5	16	3.3114714139076282
5	1	1.2556957044854105
5	4	6.4484991794211055
5	7	3.5234937965009325
5	6	2.8406959274228787
5	8	2.3604937190239377
4	10	1.2154265404662223
4	26	7.903165691580677
4	22	1.3874204017379672
4	1	4.469059865379292
4	5	11.46097452208909
4	7	1.6554848460733498
4	6	7.070334710576176
4	8	2.3217790886706187
7	10	2.63424028032087
7	26	1.986254469324042
7	21	3.399001440392816
7	22	4.210470930951326
7	16	3.4720409766927816
7	3	1.8615147030435466
7	5	3.1050042064001055
7	4	2.3221676468976122
7	6	1.8002836252902292
7	8	3.7591405103272977
7	25	2.0991767560162438
6	10	1.5139790165582636
6	26	4.118071996812294
6	22	4.919503987266641
6	16	1.538760015122643
6	5	2.7977626404560065
6	4	5.063749947731757
6	7	4.614899021860193
6	8	4.0616637177290915
6	25	3.0114647367883207
8	10	2.945697633188814
8	26	1.484692124392991
8	21	3.507203868816194
8	22	6.147967679448967
8	16	1.5476941605887937
8	5	2.196932012564069
8	4	2.227115150864229
8	7	1.3717543760791435
8	6	3.941035298236095
25	26	4.030715907809934
25	14	0.7525798421552695
25	16	1.2481490016683998
25	7	1.6819739905119597
25	6	2.6252155170514087
25	21	4.427188256607098
14	26	0.8327321005829429
