24	10	0.2483506664635518
24	13	1.0964988081986946
24	20	0.6565740063604346
24	22	1.0508941853358802
24	4	0.6867663122154877
24	7	0.9999490794264485
24	9	0.9259834744603406
24	8	-0.0023554379243592716
10	20	-0.22999196064457872
10	22	0.7630174229516159
10	23	0.399963442049343
10	19	0.8086220458144303
10	18	0.8086220458144303
10	4	0.9975787544519724
10	7	1.3107615216629331
10	6	-0.6062144988584736
10	9	0.6381067120760763
10	8	0.3084570043121254
13	9	0.9856264500924397
20	10	-0.028392740469387445
20	22	0.774150778402941
20	19	0.8197554012657554
20	4	0.4100229052825485
20	7	0.7232056724935093
20	6	-1.1937703480278974
20	9	0.6492400675274014
20	8	-0.2790988448572985
22	9	1.5047916872037232
22	4	0.6668853203381214
22	7	0.9800680875490823
23	24	1.4945053762912133
23	10	0.11634088039783941
23	22	0.9188843992701679
23	18	1.5631782267537313
23	1	0.8612692294726374
23	4	0.5547565261497753
23	7	0.8679392933607362
23	6	-1.0490367271606706
23	8	-0.13436522399007167
19	10	0.38751760960511605
19	4	0.825933255357052
19	7	1.1391160225680128
18	10	0.38751760960511605
18	22	1.1900611284774445
18	23	1.4256963521959207
18	4	0.825933255357052
18	7	1.1391160225680128
18	6	-0.777859997953394
1	9	0.714449720885163
1	4	0.47523255864031005
4	24	0.7137062860737887
4	10	0.5329201994219129
4	20	-0.2562348699227023
4	22	0.7367745136734923
4	23	0.3737205327712194
4	18	0.7823791365363068
4	7	1.2845186123848098
4	6	-0.6324574081365971
4	9	0.6118638027979527
7	10	0.6633395061374361
7	20	-0.12581556320717918
7	23	0.5041398394867425
7	19	0.9127984432518299
7	18	0.9127984432518299
7	4	1.101755151889372
7	6	-0.502038101421074
7	9	0.7422831095134759
7	8	0.41263340174952495
6	10	0.5766583815521189
6	20	-0.21249668779249636
6	22	0.7805126958036983
6	23	0.41745871490142533
6	19	0.8261173186665127
6	18	0.8261173186665127
6	4	1.0150740273040548
6	7	1.3282567945150157
6	9	0.6556019849281587
6	8	0.32595227716420777
9	10	0.04238359061403668
9	22	1.443616314107114
9	4	0.4807992363659726
9	7	0.7939820035769334
9	6	-1.1229940169444734
9	8	-0.2083225137738744
8	10	0.6251680017328927
8	20	-0.16398706761172255
8	19	0.8746269388472865
8	18	0.8746269388472865
8	7	1.3767664146957894
8	6	-0.5402096058256174
8	9	0.7041116051089324
