10	20	-0.6779909521491646
10	14	0.47648973030552166
10	3	-0.3087068703323186
10	2	-0.29854211071631076
10	4	0.6280958431830638
10	7	0.9656272220895387
10	6	-1.1003854302010958
13	9	0.6914010511702312
13	8	-0.30911221455066296
13	23	0.4347431672603047
20	10	-0.4588196269082083
20	14	-0.1379251652405855
20	23	0.6431507855113509
20	4	0.013680947636956486
20	7	0.3512123265434314
20	6	-1.7148003257472029
20	9	0.2714962142611582
20	8	-0.7290170514597359
14	10	0.324351349665186
14	20	-0.5092348711218776
14	23	0.16969685176450688
14	3	-0.13995078930503158
14	2	-0.12978602968902375
14	4	0.7968519242103508
14	7	1.1343833031168256
14	6	-0.9316293491738087
14	9	0.4263547356744334
14	8	0.05415392511365835
23	10	-0.27815135192605395
23	13	0.6359366560006094
23	14	0.04274310974156886
23	19	0.6359366560006094
23	2	0.5243361790399745
23	4	0.19434922261911086
23	7	0.5318806015255857
3	10	-0.18384648311668766
3	14	0.13704797855093515
3	19	0.7302415248099758
3	4	0.28865409142847714
3	7	0.6261854703349521
3	6	-1.4398271819556823
3	9	0.5464693580526789
2	10	-0.45981230973778053
2	20	-0.03677362020460584
2	14	-0.13891784807015772
2	4	0.012688264807384275
2	7	0.35021964371385916
2	6	-1.7157930085767752
4	20	-0.7107494855250498
4	14	0.4437311969296365
4	23	-0.031817762638665315
4	19	0.4086122880285581
4	3	-0.3414654037082038
4	2	-0.33130064409219595
4	7	0.9328686887136535
4	6	-1.1331439635769809
4	9	0.22484012127126118
4	8	-0.14736068928951385
7	10	0.28563671931186724
7	20	-0.5479495014751963
7	14	0.60653118097949
7	3	-0.1786654196583503
7	4	0.7581372938570321
7	6	-0.9703439795271274
7	9	0.38764010532111465
6	10	0.17743429088848905
6	20	-0.6561519298985745
6	14	0.49832875255611175
6	3	-0.2868678480817285
6	4	0.6499348654336539
6	7	0.9874662443401288
6	9	0.27943767689773646
9	10	-0.3704708550762757
9	20	-0.5757446207032202
9	3	-0.2064605388863741
9	4	0.10202971946888911
9	7	0.439561098375364
9	6	-1.6264515539152704
8	9	0.3399913295016453
8	10	0.23798794349239788
8	20	-0.5955982772946657
8	14	0.5588824051600205
