24	13	2.248110874578255
24	21	5.167776961792282
24	23	0.9614274035198309
24	28	2.280196399328674
24	26	6.46278981277757
24	2	4.445421701046238
24	4	5.021398781589097
24	7	2.3245752621888327
10	24	0.7641600268933515
10	21	2.3307946888093394
10	22	4.543812635869725
10	23	0.9375702132669912
10	19	2.255680930327228
10	18	1.0542101019789614
10	28	2.415830957200098
10	2	4.960146735289599
10	4	7.302137939632433
10	7	2.520316800188216
13	24	1.9881125805990312
13	26	1.377838826018083
13	21	0.30242470328046966
13	28	0.9861501762965266
13	2	0.6872873815970623
13	4	0.5351369994537725
21	24	5.196345511125654
21	10	6.81464305917371
21	13	0.7805367847796016
21	22	4.61645764182076
21	23	0.8206699810280773
21	19	1.9492354598983648
21	28	2.86756643951966
21	26	7.429250329340494
21	2	3.8955203121236837
21	4	11.544778185671372
21	7	3.540687997066253
21	8	4.060794010910656
22	24	1.8584885135586027
22	10	5.372238443472035
22	21	3.9937588900296532
22	19	0.5068308441966908
22	28	1.6147070619999737
22	2	5.106749031024436
22	4	4.605561662574893
22	7	2.287828619546567
23	8	1.0610794928501557
19	10	1.8036493622014376
19	26	0.931948216937057
19	21	1.183350761507481
19	22	1.121825850333965
19	2	0.9995777252610492
19	4	2.363789248611197
19	7	0.9937823965144201
18	10	0.2257758062162504
28	24	1.54734483613606
28	10	3.105535404062982
28	26	3.4011591779744137
28	21	0.9688748978755872
28	22	2.044621415826983
28	19	1.1133598676456993
28	4	3.2865848140928424
26	24	5.8491110136528395
26	10	2.289580150550069
26	13	1.7823392736164512
26	21	9.061545839116295
26	28	2.9516962274883696
26	4	7.588350991606209
26	7	2.806529852161991
2	24	5.8793301213064355
2	10	4.973432592806093
2	21	3.2158625629951865
2	19	1.4648951509033343
2	4	6.860389146522754
2	7	1.5099322925166485
4	24	2.7489574478787895
4	10	10.622247856070077
4	13	1.1763272943285272
4	21	12.466037351834089
4	22	7.476336247790124
4	19	4.619568827689152
4	28	4.021537901813598
4	26	3.8445908369766792
4	2	6.9449441562829985
4	7	2.9887523156847653
7	24	2.340960147689434
7	10	1.1160791229485252
7	26	1.162050678553422
7	21	2.770323380485059
7	22	2.3297079929430167
7	19	0.9893024783309334
7	2	1.60877066324594
7	4	2.6239452002818746
8	26	1.4608219477407995
8	28	1.8273142507642561
