10	26	8.295874934661947
10	15	0.8602378716463477
10	23	5.1496763048376835
10	19	1.1353578204372674
10	37	1.6239402060214758
10	33	4.794848186917297
10	3	1.807512721880639
10	6	3.9623545665863817
10	9	3.6133486336751233
10	8	2.5191453965855093
26	10	4.714194892589889
26	15	1.4796161813403161
26	23	8.799330799520062
26	19	8.665403561526965
26	32	0.8513037261801971
26	37	3.0377905317197254
26	9	1.9598274107894391
26	8	8.811113909144805
15	10	0.7607669916632406
15	26	1.099981778836175
15	19	1.0533870204517886
15	37	1.320166799780863
15	9	1.2584783011099916
15	8	0.9958424436250626
23	10	7.2227417840923005
23	26	9.57595813398203
23	15	0.9207915242502565
23	19	5.2610099620910304
23	37	3.3290809360485767
23	33	2.619597670533419
23	3	3.9006156190155727
23	9	1.8260602844063956
23	8	4.834050899967041
19	10	2.057983315086764
19	26	9.51112045809999
19	15	1.4657186217263045
19	23	6.549629070930458
19	33	1.9449952212969497
19	37	2.6173831232043865
19	1	1.9335109509397115
19	3	21.72221129501143
19	6	3.3297580881481306
19	9	1.945929851175427
19	8	5.341882633839026
32	26	0.47166932367605585
37	10	1.1330355131443404
37	26	1.6569575429634678
37	15	0.9287329868868347
37	23	2.391150159546523
37	19	1.8136177090358423
37	33	0.7982448130993921
37	6	0.594063647937133
37	9	1.0209820492330035
37	8	1.183403722455091
1	26	1.5189746296529214
1	15	0.7907500735762883
1	19	4.724458662515735
1	33	1.066771748695051
1	3	7.632417732946893
1	8	1.230128051795616
33	10	4.767052138162776
33	23	1.3317558403476677
33	19	1.4010835268027957
33	37	1.6678633061318697
33	3	8.983905859641895
33	7	1.1074158962098444
33	6	5.429062137866055
33	9	1.199664958556013
33	8	1.546793874429172
3	26	3.806085013818624
3	23	4.909692115686748
3	19	15.141766024781145
3	37	2.196975714689048
3	1	6.391221729289077
3	33	13.719883279939708
3	7	0.8235086069521734
3	9	1.5255224426564302
3	8	7.36053431875604
7	19	0.4250745652916694
7	8	1.6241548987851817
7	3	0.6907196178337144
7	33	0.8324861405244973
7	23	1.4091168647036776
6	10	8.571075043035119
6	23	5.764091200383792
6	33	4.780950627303285
6	1	0.7229155496896865
6	3	6.67173334913133
6	9	2.3613738455429045
9	10	3.0811384808110933
9	26	0.5376889620377505
9	23	1.0500789723583552
9	33	0.4919959299812065
9	37	0.9796765892375723
9	8	1.2651170064398596
8	10	3.759466605751759
8	26	6.925702653468538
8	15	0.9128500616136783
8	23	5.220836176607046
8	19	4.033538952738277
8	37	1.6951000777908376
8	1	0.9926802237241317
8	33	4.034440679069777
8	3	7.9577726454288475
8	6	1.3912004204666302
8	9	2.02137374622292
