10	26	7.672560881147504
10	21	4.368814537746939
10	23	4.73712673885554
10	19	0.9952440076069113
10	33	4.405989811503112
10	3	1.6208166123054106
10	6	3.63831296043141
10	9	3.3149436205602867
10	8	2.2830191691980986
26	21	3.224385951554136
26	23	8.141783869130538
26	19	8.031314153484987
26	1	1.5603027957906401
26	3	1.6437129452952441
26	9	1.7613710679366839
26	8	8.151764395885575
21	10	3.5229326458392083
21	26	4.77105161656717
21	23	5.846120966235431
21	19	6.054634746833859
21	33	1.6940257851013523
21	3	8.007024018839257
21	6	4.747307187811301
21	9	1.7101975332166157
21	8	3.960649111136466
23	10	6.66249676880164
23	26	8.858341930445228
23	21	6.7219205062238885
23	19	4.834658391507063
23	37	3.0416012195983106
23	33	2.369501811628561
23	3	3.56477861435156
23	6	2.390059403367557
23	8	4.446579899485097
19	10	1.8570656814359359
19	26	8.821595287799552
19	21	5.677340692526664
19	23	6.045652893635263
19	33	1.7641194544278196
19	37	2.376111882269611
19	1	1.7387146785258525
19	3	20.208012932125737
19	6	3.051386733345758
19	9	1.7502377124853588
19	8	4.918361991273349
37	9	0.8756735716636534
37	8	1.0411275295350024
37	26	1.4724395585858072
37	10	0.982501540614231
37	6	0.500968938914311
1	19	4.351391517701139
1	8	1.0900809628211097
1	3	7.0619617424549626
1	26	1.3619012437476505
1	21	1.6595144258878858
33	11	0.9322696708475847
33	10	4.347913731295583
33	21	2.102741120421656
33	23	1.1442366542313178
33	3	8.293422879799431
33	6	4.973599068646928
33	9	1.0188167131806911
33	8	1.3437624191763038
3	10	6.205472804262465
3	26	3.503195263143373
3	21	10.025747815353188
3	23	4.518157632687087
3	19	14.074495064535615
3	1	5.897576563173805
3	33	12.746609913774064
3	6	6.831158141613809
3	9	1.3600138806620956
3	8	6.8026810176874
6	10	7.929670460465068
6	26	7.661427525696179
6	21	3.8190989577994126
6	23	5.324682588024964
6	19	1.5527463667140613
6	37	1.8446868148492617
6	33	4.394856456051786
6	3	6.15876897332189
6	9	2.1364853459297364
6	8	3.6287559711045736
9	10	2.7987813815399023
9	26	0.4154873366568286
9	23	0.8918674817123025
9	37	0.8236859958874532
9	6	-0.39649153489836486
8	26	6.387891916631996
8	23	4.809327931697829
8	19	3.691025044989356
8	1	0.851426702902633
8	33	3.6899565615347028
8	3	7.349321460670181
8	6	1.2464260568498489
8	9	1.8106759277925524
