24	15	0.7034679316585835
24	1	4.27584074517436
24	2	4.998055963901308
24	7	1.213902157419517
24	6	4.254582107406466
24	8	0.8205154186385002
12	22	0.17755704236477377
15	24	-0.21482736461366514
15	17	0.8403073141024677
15	23	0.5983001283198062
15	2	1.1417341610129375
15	6	0.19500538006987111
15	9	0.4214831318685055
15	8	0.45662269505449515
22	24	0.5306899007853905
22	15	1.8981121712848248
22	17	2.19558935286449
22	23	0.9373075448138766
22	3	6.1680863507556385
22	2	1.6839965019564525
22	5	0.6412632974103245
22	7	3.2215660948569482
22	6	4.599111285622332
22	8	3.6411990538907806
17	15	0.5359495890700829
17	22	1.5353270183922063
17	23	1.6447895707305638
17	3	0.7593729612845357
17	5	1.1269427170718778
17	9	2.6875021209954384
23	15	0.7275373751775323
23	17	1.6718746937156892
23	22	0.10087540887849433
23	3	0.5444508984869997
23	2	0.32871446320296704
23	8	-0.17168976010562442
1	24	2.013782968953022
1	17	0.6298585542331452
1	23	0.3878513684504836
1	3	1.96004153423518
1	2	1.5410501744980447
1	5	0.49831696995191677
1	7	0.41775806770739676
1	6	1.4073410913734854
1	8	-0.9919032933330347
3	17	1.60667091892742
3	22	3.916062880485348
3	23	0.5516440353299092
3	1	1.4076851533624166
3	2	0.7071159009200867
3	5	1.2904220919914615
3	6	4.0287405334872926
2	24	2.0511916245169264
2	12	0.5630323445841241
2	15	1.3489692868812735
2	17	3.2910335458841304
2	22	1.3320720939354451
2	23	1.0164771155704448
2	3	0.7779206430865673
2	5	1.1454903988739091
2	8	2.075781547219277
5	24	0.9331607820226792
5	17	0.7502182322206049
5	22	0.01078632699663129
5	23	0.5082110464379431
5	1	1.9740169378285382
5	3	0.6761644228602706
5	2	0.8669378364812231
5	6	1.5462484511593177
5	9	1.1444137477978327
7	24	0.6068814230532418
7	8	3.514135651705529
7	22	2.770426198421696
7	17	1.0522513284112867
6	1	2.7014208566824207
6	8	0.05911522796506791
6	2	1.7975966797918663
6	5	2.3809028708632414
6	24	6.132173038839937
9	3	-0.1556480123621652
9	22	2.0430905159099053
8	24	1.6112438513577894
8	12	0.5481421021405399
8	15	2.368901348502794
8	22	3.1650238533681563
8	23	0.3918220997687727
8	3	2.370522114466991
8	2	8.049178488310735
8	5	0.5022877012702058
8	7	4.505374969877571
8	9	2.4508092722930623
