13	22	0.2402938365503634
13	28	0.7060729837868933
13	1	1.1198915314657847
13	2	1.4294768713386046
13	5	2.1602501507308665
13	9	0.7263664325152982
15	13	0.8071945321505224
15	22	1.0598208221992145
15	17	0.9595828046025315
15	28	0.7674190166918686
15	7	0.9823814086313934
15	8	0.6192776996076824
17	8	2.710285810486042
17	3	0.9106778992766601
17	21	0.8119468842269032
17	7	0.4197561849027768
22	13	0.753118234244086
22	15	1.9653386665040014
22	17	2.232323174002995
22	23	1.0581423872981683
22	1	1.0971077764009127
22	3	5.938259051507783
22	7	3.2028479689622698
22	8	3.597925212683573
23	8	0.020588494986933353
23	3	0.6850686801979905
23	28	0.35827505025765705
23	22	0.27158637939306496
28	13	1.2104203942893101
28	15	1.6644598738042127
28	17	2.3105348576683205
28	22	4.495770495316916
28	23	0.9468088327849169
28	2	4.108484644491721
28	5	1.4274436365331313
28	7	4.9869667963030215
28	9	2.29815626661715
28	8	5.382044040024323
1	3	2.0328397745634006
1	13	0.638603721030456
1	23	0.5645373977126003
3	13	1.3685074720418227
3	15	1.004259018688302
3	22	3.8355696401964576
3	23	0.6957519441032178
3	28	1.6477154528271474
3	1	1.4928982859509756
3	5	1.3959854760991064
3	9	1.6680089015589645
3	8	-0.3958782461144534
2	13	1.2524024794780035
2	15	1.4567897406829582
2	17	3.2701896437331137
2	28	2.289791413011753
2	1	1.187248055200619
2	7	5.9165680923055435
2	9	1.5519039089951452
2	8	2.141650095927567
5	22	0.17269846416731788
5	23	0.6342402936069196
5	1	2.000022350013153
5	3	0.8057794932210545
5	9	1.2274067746907282
5	8	-0.2678446584242143
7	17	1.1828063046559172
7	22	2.799406227742626
7	23	1.5249874234445282
7	28	3.265185374975744
7	3	0.3396564656929008
7	2	5.255298949709809
7	5	0.8683507980757916
7	9	2.4972443808968623
7	8	3.4961345342714574
9	13	0.734827721716909
9	22	2.094671950816866
9	23	1.0699053648332648
9	28	2.181360621681458
9	3	0.04406615520590157
9	2	0.6001681609404061
9	5	0.9518509639607302
9	7	1.6381420608759703
9	8	2.7914002573456966
8	13	1.0208751561027725
8	15	2.4226408265492254
8	17	5.911894383209122
8	22	3.1689538280100162
8	23	0.5677183564129789
8	28	4.013823451623033
8	3	2.415111209643678
8	2	7.7098441700325235
8	7	4.4183310817445465
8	9	2.4877015047957265
21	17	1.139306971173923
