25	21	2.2952234255525843
25	19	2.459964913679441
25	18	1.8463518295328294
25	28	2.7342076663846733
25	1	2.634331049488977
25	3	1.519854165835779
25	6	2.7342076663846733
25	9	3.140221807325485
13	25	2.42430710479691
13	21	2.793494430038735
13	17	2.4337045607097854
13	19	2.3299234630054726
13	18	2.3446228340189803
13	28	3.232478670870824
13	1	2.5042895988150087
13	3	1.3898127151618105
13	4	3.1416057566460216
13	6	2.604166215710705
20	25	2.605968062608637
20	13	1.8932187190803815
20	17	1.9870530633613934
20	18	1.897971336670588
20	28	2.785827173522432
20	3	2.1997861281336566
20	4	2.694954259297629
20	6	3.414139628682551
20	9	2.5635288593031245
21	25	2.50272904833312
21	13	2.4182921599649836
21	20	2.47022496521618
21	17	2.5121265042459955
21	19	2.4083454065416827
21	28	3.310900614407034
21	1	2.582711542351219
21	3	1.4682346586980204
21	4	3.2200277001822313
21	6	2.682588159246915
21	9	2.4602898450276074
17	13	2.3339141194513404
17	20	2.3858469247025367
17	21	2.7875383330613017
17	19	2.323967366028039
17	18	2.338666737041547
17	28	3.2265225738933907
17	1	2.498333501837575
17	3	1.3838566181843768
17	4	3.135649659668588
17	6	2.5982101187332716
17	9	2.375911804513964
19	25	2.4441607613883556
19	13	1.7314114178601003
19	17	1.8252457621411122
19	18	1.7361640354503067
19	3	2.0379788269133754
19	4	2.533146958077348
19	6	3.2523323274622697
19	9	2.4017215580828433
18	25	2.3250388218396822
18	13	2.240601933471546
18	20	2.2925347387227424
18	21	2.6942261470815074
18	17	2.3344362777525576
18	19	2.230655180048245
18	1	2.405021315857781
18	3	1.290544432204583
18	4	3.042337473688794
18	6	2.5048979327534773
18	9	2.28259961853417
28	13	2.7895555382250152
28	20	2.8414883434762115
28	21	3.2431797518349765
28	17	2.8833898825060267
28	18	2.7943081558152216
28	1	2.95397492061125
28	4	3.591291078442263
28	6	3.0538515375069464
1	25	2.294265654122942
1	13	1.5815163105946866
1	21	2.035140524204648
1	17	1.6753506548756985
1	18	1.586268928184893
1	28	2.474124765036737
1	3	1.2597712644878425
1	4	2.3832518508119342
1	6	2.474124765036737
1	9	2.2518264508174295
3	25	2.416365642160332
3	13	1.7036162986320766
3	20	3.012174014203511
3	21	2.157240512242038
3	17	1.7974506429130885
3	19	2.9502944555290136
3	18	1.708368916222283
3	1	2.4963481361784305
3	4	2.5053518388493243
3	6	3.224537208234246
3	9	2.3739264388548196
4	25	2.5166266079471318
4	13	2.4321897195789957
4	20	2.484122524830192
4	21	2.885813933188957
4	17	2.526024063860007
4	19	2.4222429661556943
4	18	2.436942337169202
4	28	3.324798174021046
4	1	2.5966091019652304
4	3	1.4821322183120322
4	6	2.696485718860927
4	9	2.4741874046416195
6	25	2.8739924265931514
6	13	2.161243083064896
6	20	3.4698007986363306
6	21	2.6148672966748574
6	17	2.255077427345908
6	19	3.407921239961833
6	18	2.1659957006551025
6	28	3.0538515375069464
6	3	2.467810492118171
6	4	2.962978623282144
6	9	2.831553223287639
9	21	2.1234892960365803
9	17	1.7636994267076311
9	19	2.288230784163437
9	18	1.6746177000168256
9	28	2.5624735368686693
9	4	2.4716006226438667
9	6	2.5624735368686693
