25	13	0.9999999997800995	4.500000000659702
25	12	0.9999999997799827	0.5000000002200173
25	22	0.9999999997818887	2.3786271075559995e-20
25	23	0.9999999997819193	0.5000000002180807
25	33	0.999999999781807	0.500000000218193
25	31	0.9999999997825593	2.364023598515995e-20
25	40	0.9999999997825757	2.3636663286086417e-20
25	19	0.999999999782816	4.500000000651553
25	27	0.9999999997820233	2.37569312826247e-20
25	4	0.9999999997819224	0.5000000002180776
25	7	0.9999999997808846	2.000000000438231
25	8	0.999999999782788	2.3590532150669867e-20
13	33	0.9999999997818239	2.380041486565229e-20
13	25	0.9999999997811462	2.3948498129263102e-20
13	12	0.9999999997775197	4.50000000066744
13	7	0.9999999997802984	2.4134394380038018e-20
12	25	0.9999999997808176	2.4020473186888265e-20
12	13	0.9999999997772373	2.0000000004455254
12	27	0.9999999997834825	180.50000000411382
12	23	0.9999999997824491	2.3664189694482167e-20
12	33	0.9999999997796083	2.0000000004407834
12	32	0.9999999997834665	2.3443369180079695e-20
12	19	0.999999999784098	0.500000000215902
12	4	0.9999999997797895	0.5000000002202105
12	7	0.9999999997833555	12.500000001083222
22	8	0.9999999997835234	2.3431062293625974e-20
22	4	0.9999999997832165	2.349753861258155e-20
23	25	0.9999999997821702	4.500000000653489
23	13	0.9999999997821747	2.3723933566323797e-20
23	27	0.9999999997827365	8.000000000869054
23	33	0.9999999997803628	18.000000001317826
23	31	0.9999999997827098	4.500000000651871
23	19	0.9999999997835967	2.0000000004328067
23	4	0.9999999997822471	2.3708168565209608e-20
23	7	0.9999999997817435	18.000000001309537
23	8	0.9999999997835802	2.341875863834652e-20
33	25	0.9999999997804996	40.50000000197551
33	13	0.9999999997795372	2.4301914088119856e-20
33	12	0.9999999997754547	12.500000001122729
33	23	0.9999999997775859	50.00000000222414
33	19	0.9999999997838609	18.000000001296833
33	32	0.999999999780051	18.00000000131969
33	31	0.9999999997823723	18.000000001305764
33	40	0.9999999997824864	0.5000000002175136
33	27	0.9999999997830642	24.50000000151855
33	4	0.999999999775135	32.000000001798924
33	7	0.9999999997818034	50.00000000218197
33	8	0.9999999997838982	2.334999465560214e-20
32	25	0.9999999997828657	2.3573654405042524e-20
32	12	0.9999999997835181	0.5000000002164819
32	23	0.9999999997841522	2.3295132948450753e-20
32	33	0.9999999997816702	24.50000000152831
32	31	0.999999999782685	40.50000000195584
32	40	0.9999999997827835	2.000000000434433
32	19	0.9999999997835198	2.3431831379366023e-20
32	27	0.9999999997835198	2.0000000004329603
32	4	0.9999999997842548	18.000000001294474
32	7	0.9999999997835292	0.5000000002164708
32	8	0.9999999997835292	2.3429812556218273e-20
31	25	0.9999999997825504	2.0000000004348992
31	13	0.9999999997825442	2.3643519243969004e-20
31	27	0.9999999997825437	2.364361581385583e-20
31	23	0.9999999997825446	8.000000000869822
31	33	0.9999999997825451	24.50000000152218
31	32	0.9999999997825455	24.50000000152218
31	40	0.9999999997825446	12.500000001087278
31	7	0.9999999997825455	0.5000000002174545
31	8	0.9999999997825455	2.3643229535491814e-20
40	25	0.9999999997825486	2.3642553555947573e-20
40	27	0.999999999782641	0.500000000217359
40	33	0.9999999997826428	8.000000000869427
40	32	0.9999999997826157	2.0000000004347687
40	31	0.9999999997825455	8.000000000869818
40	12	0.9999999997826414	2.362237518966873e-20
40	4	0.9999999997826161	2.0000000004347678
40	7	0.9999999997826428	2.3622085610761945e-20
40	8	0.9999999997826432	2.3621989084854113e-20
19	25	0.9999999997828004	2.3587831305500556e-20
19	27	0.9999999997844009	2.000000000431198
19	22	0.9999999997833218	2.3474727875837693e-20
19	23	0.9999999997833178	2.347559390400413e-20
19	33	0.9999999997844067	2.0000000004311866
19	32	0.9999999997833218	2.3474727875837693e-20
19	31	0.9999999997825544	2.364129819100339e-20
19	12	0.9999999997843987	0.5000000002156013
19	4	0.9999999997833218	0.5000000002166782
19	7	0.9999999997844076	18.000000001293557
19	8	0.9999999997844111	2.3239282607384963e-20
27	25	0.9999999997829248	8.000000000868301
27	13	0.999999999782343	2.3687285593201995e-20
27	12	0.9999999997843778	40.50000000194059
27	23	0.9999999997830749	4.500000000650775
27	33	0.9999999997840834	60.500000002375074
27	32	0.9999999997835047	0.5000000002164953
27	31	0.9999999997827942	2.358918170875812e-20
27	19	0.9999999997844391	2.000000000431122
27	4	0.9999999997835589	4.500000000649323
27	7	0.9999999997843414	8.000000000862634
27	8	0.9999999997844484	8.000000000862208
4	27	0.9999999997828577	18.00000000130285
4	22	0.9999999997828706	0.5000000002171294
4	23	0.9999999997824731	2.3658972934438975e-20
4	33	0.9999999997772062	50.00000000222794
4	32	0.999999999783995	18.00000000129603
4	31	0.9999999997827786	2.3592557886014084e-20
4	40	0.9999999997828537	4.500000000651439
4	19	0.9999999997836273	0.5000000002163727
4	12	0.9999999997782196	8.00000000088712
4	7	0.9999999997827698	8.000000000868923
4	8	0.9999999997836233	12.500000001081881
7	25	0.9999999997819389	2.0000000004361222
7	13	0.9999999997809086	0.5000000002190914
7	12	0.9999999997821019	4.500000000653694
7	22	0.9999999997819868	2.3764869637640023e-20
7	23	0.9999999997825118	24.500000001522416
7	33	0.999999999783495	40.50000000194855
7	32	0.9999999997831193	2.3518626735657568e-20
7	31	0.9999999997824469	2.000000000435106
7	19	0.9999999997839968	2.0000000004320064
7	27	0.9999999997839324	40.500000001944606
7	4	0.9999999997825402	4.5000000006523795
7	8	0.9999999997839932	2.332946191693163e-20
8	25	0.9999999997827898	0.5000000002172102
8	27	0.9999999997844062	8.000000000862375
8	23	0.9999999997833209	0.5000000002166791
8	33	0.9999999997844125	4.500000000646763
8	32	0.9999999997833213	2.3474824100400658e-20
8	31	0.9999999997825548	2.3641201625849728e-20
8	19	0.9999999997844045	2.3240718740002793e-20
8	4	0.9999999997833209	2.347492032516084e-20
8	7	0.9999999997844129	0.5000000002155871
