11	25	1.355486994293145
11	20	3.4456668676911044
11	14	1.0857800250640675
11	19	3.9433915563241277
11	33	0.07689641743865364
11	7	3.88699628820827
11	9	2.2356070721345245
25	14	1.0368935108058117
25	16	1.5241052615805193
25	33	3.2800886944190615
25	36	4.459574112525067
25	34	6.137823161774448
25	1	0.6651475456546847
25	7	2.0088154538672134
25	9	3.202995180139342
39	9	0.9707274072178664
39	19	0.6645103286784761
39	7	1.4396824401758395
20	11	4.410999614501763
20	25	6.340638107488189
20	16	6.373435646387627
20	19	6.711286182345614
20	33	9.367496307744373
20	7	5.047399200402088
20	6	2.243755943274027
14	9	1.1752200701097555
14	11	1.0077755171588663
14	36	0.8057596068743187
14	7	1.6441751030677285
14	19	1.0722579160234678
16	11	1.3750806244921048
16	20	5.413446672694376
16	19	4.303679647499732
16	34	3.6828811430689408
16	33	4.483735315862081
16	7	1.7896776041494915
16	6	2.8849732752185857
19	11	4.92670457465604
19	25	0.14893056071203664
19	39	0.8901633950947645
19	20	6.119501680520975
19	14	1.5238106689061512
19	16	1.4198053281211436
19	1	2.9813590238256293
19	7	5.341301554309769
19	6	1.7617339629672621
19	9	2.8583449586313385
36	25	4.0104608333489455
36	39	1.2778122702378767
36	14	0.8951849217861902
36	33	0.2928111630621033
36	7	2.4768716382142166
36	9	1.8417570444035452
34	25	5.814258691814172
34	20	6.112239608754127
34	16	9.302389946405375
34	33	6.198802874193443
34	36	2.0565648929171587
34	1	2.1425295724540967
34	7	1.6754508423943932
34	6	1.1076117542382637
1	25	0.44525261553449913
1	16	5.965933114644531
1	19	3.051704859367514
1	34	3.262473734553602
1	33	0.4047392671982146
1	6	1.6329984870827083
1	9	1.5286276178289817
33	11	1.551533112545536
33	25	6.936505321232264
33	39	1.8018930282929064
33	20	11.299584727222072
33	14	2.029030453199308
33	16	5.749773313415527
33	19	1.2095056625051521
33	36	3.788576295693339
33	34	8.959254424250744
33	7	3.2042073207138126
33	9	2.735252287764376
7	11	3.981903116125829
7	25	2.862717742321816
7	20	7.022542223854864
7	14	1.817086438890489
7	19	4.249640439438655
7	36	1.7473379613139155
7	34	2.446407751907945
7	33	1.417967604626822
7	6	1.001639747083244
7	9	2.5233082734470202
6	25	0.4715524803230265
6	20	1.5640054132672616
6	16	2.148937096637119
6	19	2.2835327081432237
6	36	0.5757022460227647
6	34	1.8659891281728507
6	1	1.2714316989141314
6	33	-0.17872564137134556
6	7	1.1923151359610407
9	11	2.4756650509181934
9	20	1.2108553815450867
9	14	1.0867727078936396
9	19	1.0988152968114853
9	36	1.6638843672755577
9	33	0.6876538736263135
9	7	2.0586946509635786
