11	10	3.7809375103771314	0.047988374359769395
11	15	2.744791663973823	3.0442979506725414
11	21	3.1072741263340697	0.7969594855125984
11	17	3.642024068397949	0.41219490440225404
11	23	2.146273780907036	0.7288484571667679
11	29	2.605813299027159	1.943756557169534
11	4	2.884128058613057	3.5499385412530073
11	6	3.524734559433992	0.2753463578643857
11	8	3.5250506005781537	0.22557693201117252
11	25	3.9975761141698163	16.019396961863986
10	11	2.5309213365904095	0.22003479246612787
10	25	2.4795919489213523	0.23000843747018096
10	15	2.201439373609246	1.4434565684585772
10	17	4.146277567757322	4.606507397858284
10	23	1.6556099171392002	5.496164860616068
10	29	3.871022483170166	3.5007251325282542
10	6	3.2267909371017414	0.5978522549480033
10	8	5.452876129097724	11.922353562892885
15	11	2.798081791014146	10.252280217035178
15	10	2.4845543492652857	0.2347929173919045
15	21	2.52003255425168	0.23036874897816634
15	17	2.3455880930835256	0.11943113008110753
15	23	2.0401701441919706	24.599912198564702
15	16	2.5201801620380078	2.189866752825857
15	29	2.9850099792700764	9.090164825101025
15	1	2.1017975392870656	1.2139578175790329
15	4	3.2637139244675417	7.487261487152822
15	6	2.520260822148359	2.18962803446905
15	8	2.520781720969716	20.063396391199024
15	25	3.2646153991639864	94.77771332619498
21	11	3.2618033217582365	1.5921476228001197
21	10	2.961541096986844	3.847643475168351
21	15	2.760387403935253	1.5366393883223817
21	17	2.5443960442091305	0.2075749645322886
21	23	2.3017780756834285	7.280401552862622
21	16	3.262037426427999	3.020513907137013
21	4	3.0387199098393958	0.9240594117391794
21	8	3.262617856460577	22.44278957392618
21	25	2.7605781474150826	0.057322823495193936
17	11	2.305171677611485	0.48278639759323844
17	25	2.1144787494334727	1.2420628829387972
17	21	1.7488560168992633	0.06307330024770312
17	23	1.5689751978742823	0.3237327757960787
17	6	2.305582600801269	0.48221552430992976
17	8	2.584160629768091	2.004601122298689
17	10	4.33756175837276	11.13931849095227
23	11	2.5201383167811247	0.23026723502165228
23	25	2.5199565077656225	2.3102677854990668
23	15	2.520229169318981	0.2301800499723549
23	21	2.520501752154439	2.188915065378085
23	16	2.5206834509652682	0.2711112561091009
23	29	2.520683309332721	6.147011252621349
23	20	2.520047306807451	0.270449201317683
23	4	2.520864882301801	0.27130022561526895
23	6	2.521137191481512	6.144760823456166
23	8	2.5220447108982085	55.91981530580545
16	25	2.7823667757143604	3.176831323170405
16	20	2.566444657130624	0.32085954959183005
16	21	3.284760973375742	0.5115668652064158
16	17	2.5664934102405166	2.4539016043269632
16	23	2.325042626822893	32.20514118737721
16	4	2.7822784702904153	0.6119596050799122
16	8	3.285018590091063	2.941161236333245
29	11	2.2303257634113685	0.5923984304682928
29	10	3.030290196243363	3.87975671101501
29	15	2.6969110140151518	18.516574821304108
29	23	1.7516259818254316	0.564941616555044
29	4	3.531696451895405	6.409486924539782
29	6	4.3171856654977425	0.1006067463972458
29	8	4.874034838140369	0.015867222002323128
20	11	2.0095347775797516	1.0191604671429986
20	25	1.8182025289008665	0.6694553782997733
20	21	1.8705776314414817	0.016750149483296947
20	17	2.92853115398434	3.71923241188817
20	16	1.8706557747414454	0.7580414780906265
20	4	1.818270996670209	0.6695674239916574
20	8	2.5665011442834027	0.18792125790759925
1	10	1.4582459387172446	0.2099893403508487
1	15	1.5390618724115184	0.21246395746477537
1	4	5.573620692321075	20.918006237227512
1	21	1.4592412349396513	0.210902511868896
4	11	2.362178932066543	1.855531442965948
4	10	3.300892292855906	5.294105343323708
4	15	2.4117750836664325	73.75760721353271
4	21	1.9448431036291882	1.113356075958884
4	23	1.3270106554783692	2.798893346882916
4	16	1.8061175275828798	17.588650192447535
4	29	2.6901102140573796	0.09603167943156309
4	1	4.727057821824541	0.5286130762762462
4	25	5.611892106027283	2.5981961614730698
4	6	5.284445260795571	2.9431280632067773
4	8	5.145916540520353	8.145792393675311
6	11	3.017404571226437	1.0351120615524496
6	10	4.247020598670305	0.5669779788268253
6	15	1.9578824320766774	9.254479297067713
6	21	2.461194988024822	6.445530888830285
6	17	3.412300904323474	5.81919565299985
6	23	1.502182668899014	2.2434567573464803
6	29	4.1840288426423555	0.6658089296395738
6	4	4.879925671612927	0.7742691875634609
6	8	4.826931002213022	38.10678085143873
6	25	3.3498827383706056	7.02312150038608
8	11	3.460286299054893	2.132436075207436
8	10	6.77571218907347	7.704578156571036
8	15	2.1229249549724973	62.04831126499504
8	21	2.625709495293747	1.8886743913257678
8	17	3.29784855684899	0.08871376281702611
8	23	1.6661293995306257	5.446951979735278
8	16	2.6261700693586727	19.130388262173916
8	29	4.7665848634534855	17.921803718341145
8	4	6.297570714918775	7.30312404086462
8	6	4.852566830358634	17.20120189664143
8	20	2.4631407806457233	2.361936260114237
8	25	2.5420989217168533	109.3676949631558
25	11	3.4113792891184405	21.055440028331187
25	10	2.9582416352594874	0.0017437610258016895
25	15	3.4600228269698805	0.2915753473935996
25	21	2.1594074400832017	0.7065958517874761
25	23	1.6813678847660505	28.287847577197955
25	16	2.1594393160900673	0.025420895515268407
25	29	4.155560340573662	9.957561063001366
25	1	3.1328367761676468	4.548992713773201
25	4	5.129934952700105	3.4971432811327583
25	6	3.9684352130895606	16.253514631056216
25	8	2.577678844780822	11.71228208946073
