25	13	3.1894909444306765
25	12	2.7250124423801894
13	25	2.5867153478721314
13	12	3.885973702151601
13	15	3.4160319320341164
13	22	2.530433315353887
13	33	1.5261987015299412
13	36	0.9976763860245935
13	3	2.3145897326880562
13	7	2.877249178238776
13	9	2.9529476677744673
12	13	4.217991052604802
12	15	5.131412782325319
12	22	11.76624637038671
12	33	5.292676478138346
12	36	1.0870178406860984
12	3	2.2006762628927996
12	4	3.9921226284343083
12	9	5.093386048769029
15	13	3.900577602747229
15	12	6.300215724844646
15	33	11.867382777874468
15	32	2.101124806719225
15	31	0.9728593152852867
15	40	0.9728593152852867
15	3	3.7311048149115216
15	9	4.147660143751335
22	25	2.2490139061589387
22	13	2.7932212157727205
22	12	8.038428280203815
22	33	3.442849110602907
22	31	1.0850324750269538
22	36	1.0850324750269538
22	3	2.623748427940672
22	4	1.9761357000547077
22	7	2.5580954183398097
22	9	1.8207742100606517
33	25	2.5304457185463534
33	13	3.074653028160136
33	12	6.712368378763566
33	15	9.475957718091248
33	22	3.915495838990883
33	32	4.305476417108344
33	31	0.959954438500847
33	40	0.959954438500847
33	4	6.1008633952368445
33	9	5.982597268843192
32	13	0.6996157470351796
32	12	0.45693985123982545
32	22	2.5752808619359087
32	33	4.194812584207582
32	31	1.4304860997181061
32	36	1.4304860997181061
32	40	1.4304860997181061
32	3	1.9529274303687512
32	4	1.5085696269346698
32	7	1.074254722956698
32	9	1.962972910298701
31	13	0.38840344976913266
31	15	0.48880548167480176
31	33	1.038031344599319
31	32	1.4159719142727758
31	40	1.5257836513570446
31	3	1.41991252684757
31	4	0.9755547234134889
31	9	1.0419958396745668
36	13	0.38840344976913266
36	12	0.552237402878764
36	15	0.48880548167480176
36	3	1.41991252684757
36	7	1.1695522745956366
36	9	1.0419958396745668
40	12	0.552237402878764
40	15	0.48880548167480176
40	22	0.41622656279722614
40	33	1.038031344599319
40	32	1.4159719142727758
40	31	1.5257836513570446
40	36	1.5257836513570446
40	4	0.9755547234134889
3	13	0.7231950793356998
3	12	2.513068428062834
3	15	2.264929264216337
3	22	1.5825855719770148
3	31	1.250810507565524
3	36	1.250810507565524
3	4	8.442816390622381
3	7	1.0978340552572186
3	9	1.783297318146119
4	13	3.6658018833619055
4	12	4.845910458730952
4	22	2.4926431314758544
4	33	5.738214249365029
4	31	1.1445934448012904
4	36	1.1445934448012904
4	40	1.1445934448012904
4	3	6.9516628112179655
4	7	2.2111465392128196
7	9	2.3657013075366997
7	31	1.0016471173428827
7	15	2.20047311663623
7	3	0.8957759928334081
7	22	1.924639273314089
9	13	2.597907753964732
9	12	4.60958370895066
9	15	4.934113954845992
9	22	2.219221018079304
9	33	5.095377650671215
9	31	1.0929739376635321
9	36	1.0929739376635321
9	3	2.0033774354171308
9	4	2.5752942542510016
9	7	2.7878394872351797
