13	38	0.9999999997675486	18.00000000139471
13	21	0.9999999997674358	2.704305126493687e-20
13	22	0.999999999764674	4.5000000007059775
13	1	0.9999999997635998	8.000000000945601
13	2	0.9999999997673243	4.5000000006980265
13	5	0.9999999997672702	4.50000000069819
13	7	0.9999999997647042	2.768205271532009e-20
13	8	0.9999999997646452	0.5000000002353548
38	13	0.9999999997671432	2.0000000004657137
38	22	0.9999999997641615	2.000000000471677
38	23	0.9999999997633653	2.799799342035576e-20
38	1	0.99999999976303	0.50000000023697
38	2	0.9999999997671325	2.000000000465735
38	5	0.9999999997671791	2.7102779613179175e-20
38	7	0.9999999997641629	0.5000000002358371
38	9	0.9999999997633671	2.000000000473266
38	8	0.9999999997641162	2.0000000004717675
15	2	0.9999999997644977	2.7730662964756256e-20
15	17	0.9999999997639821	2.0000000004720357
21	13	0.9999999997675206	2.7023328525981435e-20
21	17	0.9999999997640505	0.5000000002359495
21	22	0.9999999997648108	2.7656980238728924e-20
21	23	0.999999999764074	2.000000000471852
21	1	0.9999999997637485	0.5000000002362515
21	3	0.9999999997675482	2.7016927927110943e-20
21	2	0.999999999767605	0.500000000232395
21	5	0.9999999997675357	0.5000000002324643
21	9	0.9999999997640883	8.000000000943647
21	8	0.9999999997648694	0.5000000002351306
22	13	0.9999999997668478	4.5000000006994565
22	15	0.9999999997677254	2.697575511410111e-20
22	21	0.9999999997667266	24.500000001632912
22	17	0.9999999997614917	2.8443110356776107e-20
22	23	0.9999999997649107	4.500000000705268
22	3	0.9999999997330087	3.5642181928514376e-20
22	2	0.9999999997627143	2.0000000004745715
22	5	0.9999999997666178	12.50000000116691
22	7	0.9999999997626641	2.000000000474672
22	9	0.9999999997640745	18.00000000141555
22	8	0.9999999997574771	12.500000001212612
23	38	0.9999999997643325	2.776958186716605e-20
23	21	0.9999999997646145	2.000000000470771
23	22	0.9999999997650044	2.000000000469991
23	2	0.9999999997645048	0.5000000002354952
23	17	0.9999999997661857	2.733456373537507e-20
23	7	0.9999999997637179	2.000000000472564
23	9	0.9999999997669757	0.5000000002330243
23	8	0.9999999997646536	0.5000000002353464
1	9	0.9999999997620961	2.829913728715255e-20
1	8	0.999999999762859	2.811792066211515e-20
1	3	0.9999999997597206	2.88670834917261e-20
3	22	0.999999999752212	3.069944952743168e-20
2	13	0.9999999997669713	2.0000000004660574
2	38	0.9999999997672817	2.7078901037040332e-20
2	21	0.9999999997672955	4.500000000698114
2	22	0.9999999997626507	2.0000000004746985
2	23	0.9999999997634319	8.000000000946272
2	1	0.9999999997634705	2.797309335848594e-20
2	5	0.9999999997672124	2.000000000465575
2	17	0.9999999997556244	0.5000000002443756
2	7	0.9999999997320592	8.000000001071761
2	9	0.9999999997618616	2.83549482748074e-20
2	8	0.9999999997575304	32.00000000193975
5	13	0.9999999997667999	18.0000000013992
5	21	0.9999999997671671	18.000000001396995
5	22	0.9999999997644893	2.0000000004710214
5	1	0.9999999997628128	0.5000000002371872
5	2	0.9999999997671201	2.7116532658081186e-20
5	9	0.9999999997636753	2.7924690790685355e-20
5	8	0.9999999997644782	0.5000000002355218
17	38	0.9999999997645594	2.771612769070544e-20
17	15	0.9999999997649351	0.5000000002350649
17	21	0.9999999997642104	0.5000000002357896
17	22	0.9999999997615325	2.000000000476935
17	23	0.9999999997652105	2.7563059622923146e-20
17	8	0.9999999997541944	4.500000000737417
7	13	0.9999999997645772	4.500000000706268
7	38	0.9999999997661155	8.000000000935536
7	17	0.9999999997637516	0.5000000002362484
7	22	0.9999999997627422	2.8145624472312277e-20
7	23	0.9999999997630895	0.5000000002369105
7	1	0.9999999997635127	2.796311543111169e-20
7	2	0.9999999997419486	4.500000000774154
7	9	0.9999999997595639	0.5000000002404361
7	8	0.9999999997569056	18.000000001458567
9	38	0.9999999997640221	2.7842785560761347e-20
9	21	0.9999999997641886	4.500000000707434
9	22	0.9999999997609819	2.0000000004780363
9	23	0.999999999766561	0.500000000233439
9	2	0.9999999997640368	4.50000000070789
9	5	0.9999999997641829	2.0000000004716343
9	7	0.9999999997625819	4.500000000712254
9	8	0.9999999997551754	12.500000001224123
8	38	0.999999999765472	12.500000001172639
8	15	0.9999999997642774	2.778256089939862e-20
8	21	0.9999999997655511	0.5000000002344489
8	22	0.9999999997587237	40.500000002171475
8	23	0.9999999997641802	2.0000000004716396
8	3	0.9999999997571569	2.9486380504036634e-20
8	2	0.9999999996921742	12.500000001539128
8	5	0.9999999997643783	2.0000000004712435
8	17	0.9999999997276503	3.7087179095454706e-20
8	7	0.9999999997511266	40.50000000223986
8	9	0.9999999997573941	0.5000000002426059
