11	19	1.8092674583791895
11	18	1.8207855292939032
11	27	1.9071909430909741
10	13	1.3396763654866701
10	27	5.568027826672552
10	14	1.2279202769752735
10	18	2.7979355881994064
10	38	7.833280959915308
10	5	1.7235803113580603
10	7	5.042589855973505
10	6	2.7151250057191274
10	9	2.3808817271441254
10	8	4.458899192033625
13	10	0.2635107598090548
13	27	1.4154152815072192
13	14	1.8740456665876914
13	18	1.54860859595441
13	1	2.4829983665157203
13	38	2.1643065092565372
13	5	1.6115247482220538
13	7	0.9200308008658981
13	6	1.405691033346172
13	9	0.5328655302749684
13	8	1.0644675996121684
27	11	2.050891825027568
27	10	5.918687940477207
27	13	2.0840600482410636
27	38	4.218124164380475
27	14	1.2141230069846543
27	18	2.594593080026799
27	1	1.663583958785007
27	5	3.0365997086709293
27	7	1.9960687749971489
27	6	2.3222372593565703
27	9	0.8507225516646177
27	8	3.686920969302542
14	10	-0.4095795477008305
14	13	1.6918019239622781
14	27	0.742324973997334
14	1	1.2412723444439477
14	38	1.112125725374714
14	5	1.3175249170852434
14	7	0.626030969729088
14	6	1.301236440394762
14	8	0.9600130066618963
19	13	1.4716861515523825
19	27	1.1208984062081873
18	11	1.667029910608474
18	10	2.661593963192088
18	27	3.0553175321532002
18	1	1.658812520734439
18	38	1.7192111398517433
18	5	2.872336522492686
18	7	4.076294957001905
18	6	1.150140902126778
18	9	0.6564058754275124
1	10	-0.5715302459061294
1	13	0.7416167829496926
1	27	0.7699195139774352
1	18	1.4416950529219652
1	38	1.1397202653548155
1	5	5.485061207098936
1	9	0.26646023911825967
38	11	1.8735533774814606
38	10	5.3622590165511985
38	13	1.906721600694956
38	27	2.7232587745299854
38	14	1.0367845594385465
38	19	1.6175021187586909
38	1	1.4862455112388995
38	5	0.5847184028875085
38	7	3.9037279475063658
38	8	3.888672998124961
5	10	0.7735769339199867
5	13	1.7376869764695562
5	27	4.579114790231951
5	14	1.6259308879581598
5	18	3.7645819137487293
5	1	7.1630597807225165
5	7	1.9987326895398547
5	6	2.1053024456470535
5	9	0.8533864662039121
5	8	2.7118052028446002
7	10	6.467091236580592
7	13	0.9566096907392592
7	27	1.7430933745154267
7	14	1.0343988404132627
7	18	3.173049866203832
7	38	2.8710750786298584
7	6	0.9751881736059544
7	9	0.8905971133420376
7	8	2.9085075981104014
6	10	1.2659428707296756
6	13	1.4117649804062733
6	27	1.6596664396828271
6	14	1.3000088918948767
6	18	1.3536622976335329
6	38	2.7876481438052205
6	5	1.0374879735292388
6	7	0.5655927544218944
9	10	1.972081818019226
9	38	1.7878799474227562
9	27	1.2285339578599759
9	7	0.9527482054674656
9	6	1.5979001860708661
9	8	0.8775862759649251
8	10	3.136225778498072
8	13	1.007505029945317
8	27	2.203132680152284
8	14	1.0852941796193205
8	18	1.8971285381029899
8	38	5.60565724251199
8	5	2.907770881305596
8	7	5.089508996804089
8	9	0.721893724299284
