11	16	0.9999999997813993	18.0000000013116
11	30	0.9999999997840998	0.5000000002159002
11	2	0.9999999997806519	18.00000000131609
11	5	0.9999999997841509	2.3295420516353876e-20
11	7	0.9999999997851114	2.308854476085959e-20
11	6	0.9999999997842037	4.500000000647389
10	16	0.9999999997838067	2.3369768346787618e-20
10	2	0.9999999997836411	2.3405593462254627e-20
10	26	0.9999999997837752	2.3376585490347085e-20
10	7	0.9999999997851448	0.5000000002148552
10	6	0.9999999997843103	0.5000000002156897
26	11	0.9999999997837619	8.00000000086495
26	12	0.9999999997823381	0.5000000002176619
26	16	0.9999999997803433	8.000000000878629
26	30	0.999999999776997	40.500000002007035
26	36	0.999999999784519	0.500000000215481
26	2	0.9999999997851408	2.308224683105262e-20
26	5	0.9999999997835141	60.50000000238135
26	4	0.9999999997843148	0.5000000002156852
26	7	0.9999999997833271	0.5000000002166729
26	6	0.9999999997828595	2.000000000434281
26	9	0.9999999997843725	2.000000000431255
26	8	0.9999999997553473	60.50000000269117
12	16	0.9999999997835185	0.5000000002164815
12	30	0.9999999997835629	2.3422507066047454e-20
12	5	0.9999999997838263	60.50000000237791
12	4	0.9999999997778191	0.5000000002221809
12	7	0.9999999997836313	2.3407707328646137e-20
12	6	0.999999999783729	2.3386572960078666e-20
16	11	0.9999999997813509	24.500000001530545
16	10	0.9999999997809299	2.3995853348725146e-20
16	26	0.9999999997827325	0.5000000002172675
16	12	0.9999999997845803	2.3202819716414313e-20
16	30	0.9999999997826623	72.00000000260805
16	2	0.9999999997611204	32.00000000191103
16	5	0.9999999997842073	4.500000000647378
16	4	0.9999999997825144	2.3649989862429266e-20
16	7	0.9999999997824967	0.5000000002175033
16	6	0.9999999997820379	2.000000000435924
16	9	0.9999999997827405	2.000000000434519
16	8	0.9999999997817239	2.382222003370887e-20
30	11	0.9999999997841478	4.500000000647557
30	26	0.9999999997712719	32.00000000182982
30	16	0.9999999997807194	2.000000000438561
30	2	0.9999999997827804	8.00000000086888
30	5	0.9999999997842619	18.00000000129443
30	4	0.9999999997845919	0.5000000002154081
30	7	0.9999999997845403	2.3211430415212574e-20
30	6	0.9999999997846265	24.500000001507615
30	9	0.9999999997846598	8.000000000861363
30	8	0.9999999997801217	50.000000002198774
36	11	0.9999999997843578	2.325077291078353e-20
36	10	0.9999999997844173	2.3237942256976345e-20
36	26	0.9999999997846452	0.5000000002153548
36	12	0.9999999997840625	2.3314499817756522e-20
36	16	0.9999999997854618	0.5000000002145382
36	2	0.9999999997846301	2.3192106411030673e-20
36	5	0.9999999997846158	2.319516710299051e-20
36	4	0.999999999784519	2.321602344108181e-20
36	7	0.9999999997844395	0.5000000002155605
36	6	0.9999999997854445	8.000000000858222
2	11	0.9999999997736926	18.000000001357847
2	26	0.9999999997850173	0.5000000002149827
2	12	0.9999999997841713	2.0000000004316574
2	16	0.9999999997605094	18.00000000143694
2	30	0.9999999997826863	2.0000000004346274
2	36	0.9999999997852509	4.500000000644247
2	5	0.999999999784813	18.00000000129112
2	4	0.9999999997744422	2.0000000004511156
2	7	0.9999999997741473	4.500000000677558
2	6	0.9999999997827902	0.5000000002172098
2	9	0.999999999784094	4.500000000647718
2	8	0.9999999997843148	2.3260062981622357e-20
5	26	0.9999999997727489	220.50000000477232
5	12	0.9999999997840421	12.50000000107979
5	16	0.9999999997844564	0.5000000002155436
5	30	0.9999999997829412	50.00000000217058
5	36	0.9999999997844378	2.0000000004311245
5	2	0.9999999997856404	2.0000000004287193
5	4	0.9999999997847833	112.50000000322825
5	6	0.9999999997845488	18.000000001292705
5	9	0.9999999997843747	8.0000000008625
5	8	0.9999999997843241	0.5000000002156759
4	11	0.99999999978438	2.3245984939240815e-20
4	10	0.99999999978415	2.3295612229275367e-20
4	26	0.9999999997843294	4.500000000647011
4	12	0.9999999997832751	4.500000000650174
4	16	0.9999999997831615	8.000000000867352
4	30	0.9999999997845501	2.3209325430211566e-20
4	36	0.9999999997847979	2.3155967269462995e-20
4	2	0.9999999997272258	144.50000000463714
4	5	0.9999999997848201	32.000000001721446
4	7	0.999999999784539	2.3211717466017374e-20
4	6	0.99999999978359	2.341664427300049e-20
4	9	0.9999999997843592	2.3250485618587295e-20
4	8	0.9999999997847313	0.5000000002152687
7	10	0.9999999997852864	0.5000000002147136
7	12	0.9999999997842357	2.3277115567323897e-20
7	16	0.99999999978444	2.323305987880062e-20
7	2	0.9999999997796518	4.5000000006610446
7	4	0.9999999997842592	2.0000000004314815
7	6	0.999999999784241	0.500000000215759
6	11	0.9999999997844662	0.5000000002155338
6	10	0.9999999997842819	2.326715149993993e-20
6	26	0.9999999997832516	8.000000000866994
6	16	0.9999999997830864	8.000000000867654
6	30	0.9999999997846087	4.500000000646174
6	36	0.9999999997854445	4.5000000006436665
6	2	0.9999999997709623	24.50000000160327
6	5	0.9999999997842108	84.50000000280525
6	4	0.9999999997837956	12.50000000108102
6	7	0.9999999997841851	0.5000000002158149
6	8	0.9999999997848832	0.5000000002151168
9	26	0.9999999997844906	2.3222148182393495e-20
9	16	0.9999999997834537	18.00000000129928
9	36	0.9999999997845475	2.3209899507563692e-20
9	2	0.9999999997843259	2.3257668455974317e-20
9	7	0.9999999997847913	8.000000000860837
9	8	0.9999999997842459	2.3274911791792613e-20
8	11	0.9999999997844533	2.3230188131254928e-20
8	26	0.9999999997822484	8.000000000871005
8	16	0.999999999781473	0.500000000218527
8	30	0.9999999997803419	18.00000000131795
8	2	0.9999999997840612	0.5000000002159388
8	5	0.999999999784781	0.500000000215219
8	6	0.9999999997832374	0.5000000002167626
8	9	0.9999999997829572	2.355379462664975e-20
