11	10	7.5822884483942685
11	21	2.685192505741656
11	22	1.5550526421414514
11	18	4.067503846797609
11	3	2.2268080359205795
11	5	2.0400261018895507
11	4	2.262019768539147
11	9	4.007342472488952
11	8	5.867855549579603
10	11	7.6438596166669885
10	14	4.427314276800003
10	22	11.703814379612103
10	18	2.085370340346917
10	3	2.7087626258937374
10	5	5.744249741023611
10	4	6.155788645863157
10	7	4.703473180620497
10	9	5.4370232534004845
10	8	6.728900615921288
10	21	2.788056619334915
14	11	2.351072879205161
14	10	4.098272968201126
14	21	2.6730982930205007
14	22	9.503858433245776
14	18	9.741766779664621
14	1	5.83449175079729
14	3	7.3324352542291145
14	5	5.0306022100918595
14	4	6.579412544036983
14	8	4.688436417682635
22	10	18.72108969720534
22	14	6.046096482781367
22	18	2.5668811172147414
22	3	6.412542451930427
22	5	2.215257025927796
22	4	13.051784030998478
22	9	3.962974668274975
22	8	2.06263647170056
18	11	8.321608784304754
18	10	1.9183636313069001
18	14	8.008348997354693
18	1	2.5173109847827013
18	3	2.688437820911038
18	5	2.4716023968143235
18	4	1.5563246343503812
18	7	5.002131871878365
18	24	3.4488897460469214
18	9	4.029774800982926
18	8	7.436703273621328
1	11	1.322232241410544
1	10	0.794889472180569
1	14	4.580278489924226
1	22	4.085423827107619
1	18	2.8069702680409874
1	3	4.946724459073286
1	5	1.7272187140633415
3	11	1.2813968224678436
3	10	4.165868340584172
3	14	9.497672753886953
3	22	8.43418237651187
3	18	3.1752788155245377
3	1	4.00663474131496
3	5	2.0654737714925795
3	4	3.2351936290691774
3	24	5.317303978959078
3	9	1.5386485556138172
3	8	2.48148893183178
3	21	2.9302389035889465
5	11	1.4741230193536228
5	10	7.7704088248253536
5	14	7.954438317039581
5	22	3.8582241286821723
5	18	2.958861045984066
5	3	2.255436664223987
5	4	5.353425697887154
5	7	2.514186585213047
5	24	3.394979065731808
5	9	3.058191419803084
5	8	5.168356715196859
4	10	8.27781108440154
4	14	5.618662003823391
4	22	13.08470734477995
4	1	2.2426751013610353
4	3	2.952384161990123
4	5	4.88065333806532
4	9	2.238777012075783
4	8	2.4534899256087317
7	24	1.6310194257778845
7	10	3.951505054886338
7	21	1.518497208642791
7	18	3.848534740629158
7	9	3.5988281281419234
7	8	1.668436441501824
7	14	2.9682096279099683
24	11	7.32191381897918
24	14	6.629563555649219
24	18	5.993526762882931
24	3	5.100557142932903
24	5	2.7987240987956477
24	7	1.727894048322299
24	8	3.0251940209448986
24	21	2.1471273254031265
9	11	3.8964148395603955
9	10	4.885433975819308
9	14	1.4380504524338726
9	22	2.459557695099331
9	18	1.7497398505911748
9	5	1.6177144875484912
9	4	2.976979583315038
9	7	3.7992069763062797
9	8	1.8441844096977422
9	21	1.5046999386521718
8	11	6.989225439283565
8	10	5.514156479118627
8	14	4.940005018584431
8	22	3.118333688460924
8	18	5.63078489311367
8	1	1.5640181161266253
8	3	2.842362891309639
8	5	4.012451114647784
8	4	3.665809066738905
8	7	2.532477097740224
8	24	3.034179101890459
8	9	2.507846217771786
8	21	3.3007473611307154
21	24	1.9945565352188275
21	10	2.3594828023407706
21	14	2.3840205464239106
21	3	2.371376039196483
21	5	1.7754501387312425
21	9	1.6277153992244182
21	8	2.949646251810907
