10	15	1.6551496159199373
10	14	1.5718474543388303
10	23	5.758829976436598
10	3	1.7469926757583998
10	5	2.6899002566289383
10	4	3.506126018190254
10	7	7.543529843627743
10	8	7.913648586387249
15	10	1.376027199518744
15	14	2.015576679157638
15	23	1.5091482570454327
15	1	1.9737584208639114
15	3	2.615779431284224
15	2	1.9424839785048185
15	5	2.5424123898916897
15	4	2.1391086047368293
15	7	1.6863564104089113
15	8	1.4281626980082955
14	10	1.3539431216589397
14	15	1.8735398384258382
14	23	1.893574028090614
14	3	1.7621279738111983
14	5	1.6887609324186637
14	7	2.495839712161109
23	10	4.201931764919595
23	15	1.654156933090365
23	14	3.6034040160402823
23	3	1.5427450684757251
23	2	5.747567802561022
23	5	4.721456818330391
23	4	3.3018784109039205
23	7	11.810890574304787
23	8	15.229833183891314
1	10	1.413259035822843
1	15	1.7296008281378579
1	23	1.5463800933495313
1	3	3.8539931324988084
1	2	3.180697679719403
1	4	4.800106777124349
1	7	1.9268431711661123
3	10	3.010755684996841
3	15	2.5326254613026977
3	14	1.8210108445614717
3	23	1.5178373469023687
3	1	2.1857024351727308
3	2	4.186977237341004
3	5	2.3478465552955234
3	4	4.3836018635730145
3	7	1.8983004247177306
3	8	4.6889305791038955
2	24	4.246951117001646
2	10	2.232982457835483
2	15	2.1613620830426665
2	14	2.262767164112631
2	23	4.398652759881001
2	1	3.8469883014400654
2	3	3.472734689600964
2	5	2.9928577992985654
2	4	8.890456672177686
2	7	1.5270370464576994
2	8	7.569745992091065
5	14	2.254323129864909
5	23	3.5771890278233083
5	3	2.4480160330865095
5	2	1.977975504760206
5	4	3.3941296777120518
5	7	2.5348676344742698
5	8	3.6994583932429324
4	10	5.470416062244656
4	15	2.349971820661399
4	23	7.229576515388846
4	1	3.019323416799383
4	3	3.0515796538579494
4	2	5.833617916773969
4	5	3.791232310271726
4	7	2.731921406344383
4	8	9.994159898685387
7	10	5.15200992955751
7	15	1.6065081572708957
7	14	2.3547733753030102
7	23	7.317680231615222
7	3	2.104861066014344
7	5	2.4380038735267946
7	4	1.4249353150138466
7	8	7.8464594459361745
8	10	7.735442368542018
8	15	1.529078896564258
8	14	3.0718161306006535
8	23	17.82805472420609
8	3	3.6534712009252086
8	2	4.809470068220067
8	5	3.5801041595326737
8	4	7.241898863439863
8	7	11.076047764420593
