24	10	0.9999999997750386	2.5303811888090398e-20
24	27	0.999999999775322	200.00000000449353
24	14	0.9999999997748814	8.000000000900474
24	17	0.9999999997729345	18.000000001362395
24	32	0.9999999997706106	24.500000001605727
24	30	0.9999999997759694	2.509484856653136e-20
24	2	0.9999999997757327	2.0000000004485345
24	5	0.9999999997739168	2.0000000004521663
24	9	0.9999999997760209	4.500000000671937
24	8	0.9999999997142881	364.5000000077142
10	24	0.9999999997761302	2.505884626787605e-20
10	27	0.9999999997739288	0.5000000002260712
10	14	0.9999999997742486	0.5000000002257514
10	17	0.9999999997758895	0.5000000002241105
10	32	0.9999999997761253	2.505993987965263e-20
10	8	0.9999999997762434	2.000000000447513
27	24	0.999999999777037	60.500000002452595
27	14	0.9999999997712989	8.000000000914802
27	17	0.9999999997611084	40.500000002150024
27	32	0.9999999997718172	0.5000000002281828
27	30	0.9999999997762723	2.502704255162116e-20
27	22	0.9999999997721574	4.500000000683528
27	2	0.9999999997751403	12.5000000011243
27	5	0.9999999997763971	40.50000000201242
27	9	0.9999999997676561	18.000000001394064
27	8	0.9999999997473146	112.50000000379028
14	24	0.9999999997743263	4.500000000677021
14	10	0.999999999767665	2.00000000046467
14	27	0.99999999976751	2.7025806380683223e-20
14	17	0.9999999995598401	12.5000000022008
14	32	0.9999999997577733	0.5000000002422267
14	5	0.9999999997770046	2.4863474193480778e-20
14	9	0.9999999997643774	0.5000000002356226
14	8	0.9999999997565192	2.0000000004869616
17	24	0.9999999997750613	8.000000000899753
17	10	0.9999999997718367	0.5000000002281633
17	27	0.9999999997252806	84.50000000357134
17	14	0.9999999995976707	24.5000000028163
17	25	0.9999999997738476	2.000000000452305
17	32	0.9999999997358895	18.000000001584663
17	2	0.999999999774726	0.500000000225274
17	9	0.9999999997657683	8.000000000936929
17	8	0.9999999995973159	12.50000000201342
25	27	0.9999999997775957	8.000000000889617
25	22	0.9999999997767248	2.492590213694229e-20
25	17	0.9999999997772964	8.000000000890815
25	32	0.9999999997770672	0.5000000002229328
25	2	0.9999999997774083	0.5000000002225917
25	9	0.9999999997767133	2.49284802101112e-20
25	8	0.9999999997792508	2.4365103921825278e-20
32	24	0.9999999997741398	2.0000000004517204
32	10	0.9999999997755702	0.5000000002244298
32	27	0.999999999773983	4.500000000678051
32	14	0.9999999997708531	0.5000000002291469
32	17	0.9999999995936268	50.000000004063736
32	25	0.9999999997746114	0.5000000002253886
32	30	0.9999999997708251	8.0000000009167
32	22	0.9999999997761058	2.506431456538938e-20
32	2	0.99999999975494	50.00000000245059
32	5	0.9999999997595475	4.500000000721357
32	9	0.999999999775083	2.529382258189063e-20
32	8	0.999999999758896	24.500000001687727
30	24	0.999999999775603	0.500000000224397
30	22	0.9999999997759259	2.5104599490404053e-20
30	17	0.9999999997718656	0.5000000002281344
30	32	0.9999999997648445	2.000000000470311
30	2	0.9999999997740048	2.0000000004519904
30	5	0.9999999997747531	2.5368090236643485e-20
30	9	0.9999999997757869	2.5135755432441938e-20
30	8	0.9999999997744191	0.5000000002255809
22	25	0.9999999997765086	0.5000000002234914
22	27	0.9999999997757394	0.5000000002242606
22	17	0.9999999997745102	2.5422836004414593e-20
22	2	0.9999999997763678	2.5005685772103107e-20
22	5	0.9999999997764144	2.4995259030205442e-20
22	9	0.9999999997773363	2.0000000004453273
22	8	0.9999999997763469	2.5010353684833898e-20
2	24	0.9999999997732463	60.50000000249429
2	10	0.999999999776664	2.4939488098935208e-20
2	27	0.9999999997721507	18.0000000013671
2	14	0.9999999997740754	2.552096523308581e-20
2	17	0.9999999997768985	2.4887147960423812e-20
2	25	0.9999999997779221	2.000000000444156
2	32	0.9999999997550377	60.50000000269459
2	30	0.9999999997762128	0.5000000002237872
2	22	0.9999999997768807	2.4891111197611642e-20
2	5	0.9999999997789266	12.500000001105365
2	8	0.9999999997576223	18.000000001454268
5	24	0.9999999997737192	12.500000001131406
5	10	0.9999999997766675	0.5000000002233325
5	27	0.9999999997760236	40.500000002015796
5	14	0.9999999997774918	2.475495711227541e-20
5	22	0.9999999997769962	0.5000000002230038
5	25	0.9999999997768865	0.5000000002231135
5	32	0.9999999997700608	0.5000000002299392
5	2	0.9999999997789177	4.500000000663247
5	9	0.999999999777109	4.500000000668673
5	8	0.9999999997753513	12.500000001123244
9	24	0.9999999997729296	8.00000000090828
9	10	0.9999999997762639	2.5028930333336853e-20
9	27	0.9999999997737441	2.000000000452512
9	14	0.9999999997719193	0.5000000002280807
9	17	0.9999999997655369	4.500000000703389
9	25	0.9999999997762066	2.5041749260233645e-20
9	32	0.9999999997755071	2.5198524057318283e-20
9	2	0.9999999997762536	2.5031215638037122e-20
9	5	0.9999999997761191	8.000000000895525
9	8	0.9999999997703375	2.000000000459325
8	24	0.999999999638217	242.00000000795924
8	10	0.9999999997717159	2.6056805642306382e-20
8	27	0.9999999997297735	242.00000000594497
8	14	0.9999999996286411	6.895373249439769e-20
8	17	0.9999999997090581	12.500000001454712
8	25	0.9999999997782338	4.500000000665299
8	32	0.9999999997585052	40.500000002173465
8	22	0.9999999997753157	2.0000000004493685
8	2	0.9999999997677467	40.50000000209028
8	5	0.9999999997736699	12.50000000113165
8	9	0.9999999997706248	4.500000000688125
