10	26	9.315540090158272
10	21	5.775474491073745
10	23	6.16934146033401
10	19	2.155022975933594
10	37	2.6436053615178023
10	33	5.814513342413623
10	3	2.8271778773769656
10	9	4.63301378917145
10	8	3.538810552081837
26	10	5.733860048086215
26	15	2.499281336836643
26	21	4.547010798891419
26	23	9.818995955016387
26	19	9.685068717023292
26	37	4.05745568721605
26	1	2.7638187415969475
26	9	2.979492566285766
26	8	9.83077906464113
15	10	1.780432147159567
15	26	2.1196469343325015
15	32	2.389149318713252
21	10	4.890312238160181
21	26	6.227253965802695
21	23	7.367956431274882
21	19	7.6034436785790485
21	37	3.6389654080092293
21	33	2.929482142502609
21	3	9.698383051195355
21	9	2.948964454178239
21	8	5.347190296380796
23	10	8.242406939588626
23	26	10.59562328947836
23	21	8.293634918912037
23	19	6.280675117587356
23	37	4.3487460915449025
23	33	3.639262826029745
23	3	4.920280774511899
23	9	2.8457254399027225
23	8	5.853716055463367
19	10	3.0776484705830907
19	26	10.530785613596318
19	15	2.485383777222631
19	21	7.175427257166519
19	23	7.569294226426786
19	33	2.9646603767932755
19	37	3.637048278700713
19	1	2.9531761064360382
19	3	22.741876450507753
19	9	2.965595006671754
19	8	6.3615477893353525
32	10	1.780432147159567
37	10	2.1527006686406667
37	26	2.6766226984597945
37	21	2.8136934213258242
37	23	3.41081531504285
37	33	1.8179099685957185
37	32	1.9483981423831613
37	3	2.489163143716126
37	9	2.04064720472933
37	8	2.2030688779514174
1	26	2.538639785149248
1	15	1.810415229072615
1	21	2.860417750670008
1	23	1.8315002487573357
1	19	5.744123818012062
1	32	1.810415229072615
1	37	1.7610978656365526
1	33	2.0864369041913773
1	3	8.65208288844322
1	8	2.249793207291942
33	10	5.786717293659102
33	27	2.127081051706171
33	21	3.3803384977481294
33	23	2.351420995843994
33	37	2.6875284616281965
33	1	2.4101661382685067
33	3	10.003571015138222
33	9	2.2193301140523394
33	8	2.566459029925498
3	10	7.7386141733770195
3	26	4.825750169314951
3	15	2.471486217608619
3	21	11.83639295996045
3	23	5.929357271183075
3	19	16.16143118027747
3	37	3.216640870185375
3	1	7.410886884785402
3	33	14.739548435436035
3	9	2.5451875981527565
3	8	8.380199474252366
9	10	4.10080363630742
9	26	1.5573541175340768
9	21	1.675877158594417
9	23	2.069744127854682
9	37	1.9993417447338988
9	3	1.5731494872398524
9	8	2.284782161936186
8	10	4.779131761248086
8	26	7.945367808964865
8	15	1.9325152171100048
8	21	4.0173400427688435
8	23	6.2405013321033715
8	19	5.053204108234603
8	37	2.7147652332871637
8	33	5.054105834566104
8	3	8.977437800925173
8	9	3.0410389017192467
