11	24	2.3852315533791457
11	12	2.2993443384185763
11	15	1.1476729685147014
11	14	2.3971966695701457
11	17	3.4851984580549096
11	16	1.1476729685147014
11	23	3.2841707978677026
11	1	1.0315784013726774
11	3	1.0442980580895171
11	2	1.3672985309691694
11	7	3.797632614915203
11	9	1.9679366761084243
11	8	4.156753511581681
24	12	3.198560909164804
24	2	3.2142412926503594
12	11	2.5862587103086008
12	24	2.52961374766865
12	16	1.1325634146879031
12	23	10.062636328680336
12	3	2.3860586616284807
12	2	3.4672400872565574
12	7	7.0047921102493085
12	9	3.658734265953641
12	8	6.386133325926513
15	11	0.4696903519011131
15	12	1.524536583553464
15	16	1.4800831527042664
15	1	1.3639885855622425
15	3	1.9753974468998312
15	2	1.3506717288490702
15	7	1.097318988122442
15	9	1.352620669367576
15	8	0.857750680168172
14	11	1.23689713658504
14	8	1.0563217502936237
14	16	1.29956374645778
17	1	2.1251116483594226
17	11	3.3158110347422456
17	3	2.5469752715104734
17	16	1.1039347863844955
16	11	0.4696903519011131
16	12	0.9258473789327148
16	15	1.4800831527042664
16	17	1.1639753076420465
16	23	0.9328941573925666
16	3	1.376708242279082
16	2	0.7519825242283209
16	7	1.097318988122442
16	9	1.352620669367576
16	8	0.857750680168172
23	11	3.3657455166818857
23	12	11.942294295659817
23	15	1.1238157782618619
23	16	1.1238157782618619
23	3	1.0204408678366774
23	2	4.94480086625372
23	7	10.597403999364069
23	9	3.839531867717549
23	8	13.799703468857041
1	11	0.7424969073243775
1	12	2.52547060166288
1	15	1.1842539935690555
1	16	1.1842539935690555
1	23	1.0161554746292936
1	3	3.165876703187823
1	2	2.541150985137062
1	7	1.3701255435457065
3	11	1.0720043283275742
3	24	0.6362688893225094
3	12	2.505941036351863
3	15	1.9229053810064638
3	17	2.364978488689257
3	16	1.3242161763857143
3	23	0.9665724192605524
3	1	1.5872120856156284
3	2	3.4693476107644194
3	7	1.3205424881758279
3	9	1.3862989312355616
3	8	3.9241527530105236
2	12	3.156247588793464
2	15	1.6254857425210636
2	16	1.0267965379003143
2	23	3.7018765917495173
2	1	3.1852448289921917
2	3	2.848927499402779
2	7	1.0231228496904279
2	8	6.659456925507449
7	11	1.9707038549195413
7	12	4.890948978363621
7	15	1.0856442738573184
7	16	1.0856442738573184
7	23	6.414357662320322
7	9	5.347775758860756
7	8	6.907849899654403
9	11	2.218301589380027
9	12	2.105822901853154
9	15	1.1436967701392282
9	23	2.3024149185029543
9	7	9.320521813996809
9	8	3.3645428703955114
8	11	3.8341810321784346
8	12	6.913917903761562
8	15	1.0236155791999357
8	16	1.0236155791999357
8	23	16.238734843363755
8	3	3.005238288818703
8	2	4.086419714443369
8	7	9.928568085743668
8	9	6.0138745268895235
