11	26	0.9999999997753939	24.500000001572243
11	16	0.9999999997701559	50.00000000229845
11	99	0.9999999997774114	2.4772845587318074e-20
11	3	0.9999999997756275	0.5000000002243725
11	6	0.9999999997757039	2.5154378585675762e-20
11	8	0.9999999997756857	2.0000000004486287
26	11	0.9999999997752296	4.500000000674311
26	12	0.9999999997724616	4.500000000682615
26	15	0.9999999997754259	4.500000000673722
26	16	0.999999999768511	18.000000001388937
26	36	0.9999999997765916	2.495565724059089e-20
26	99	0.9999999997761058	8.000000000895575
26	5	0.999999999774734	2.000000000450532
26	4	0.999999999776247	4.500000000671259
26	6	0.999999999773435	0.500000000226565
26	8	0.9999999997148623	0.5000000002851377
12	26	0.9999999997742375	0.5000000002257625
12	36	0.9999999997744364	2.543946156471978e-20
12	99	0.9999999997744595	0.5000000002255405
12	3	0.9999999997719704	2.5998748144947292e-20
12	5	0.999999999774916	0.500000000225084
12	4	0.9999999997629949	0.5000000002370051
12	8	0.999999999774321	2.5465512520711954e-20
15	11	0.9999999997755782	0.5000000002244218
15	26	0.9999999997745261	2.0000000004509477
15	16	0.9999999997776987	32.0000000017784
15	99	0.999999999775913	0.500000000224087
15	3	0.9999999997762026	24.500000001566583
15	5	0.9999999997757731	4.500000000672681
15	6	0.9999999997777103	32.00000000177832
15	8	0.9999999997777307	24.500000001555886
16	11	0.9999999997704152	18.00000000137751
16	26	0.9999999997729736	2.000000000454053
16	12	0.999999999776596	0.500000000223404
16	15	0.9999999997787987	60.50000000243321
16	36	0.9999999997786095	2.4506868225780678e-20
16	99	0.9999999997769513	4.5000000006691465
16	3	0.9999999997726214	2.5850504870368187e-20
16	2	0.9999999997273803	3.716075166504384e-20
16	5	0.9999999997756355	2.000000000448729
16	4	0.9999999997725766	0.5000000002274234
16	6	0.9999999997717044	18.000000001369774
16	8	0.9999999997710338	24.500000001602764
36	26	0.9999999997763593	2.0000000004472813
36	99	0.9999999997760178	2.5084005376087143e-20
36	3	0.9999999997762519	2.5031613092982443e-20
36	5	0.9999999997764468	0.5000000002235532
36	4	0.9999999997762634	2.502902969224141e-20
36	7	0.9999999997761186	2.0000000004477627
36	6	0.9999999997779923	2.4643719535572798e-20
99	11	0.999999999777291	8.000000000890836
99	26	0.9999999997749671	4.500000000675099
99	12	0.9999999997741726	2.549899754291946e-20
99	15	0.9999999997752025	2.5266961136103542e-20
99	16	0.9999999997749804	2.000000000450039
99	36	0.9999999997751123	2.5287230720143792e-20
99	5	0.9999999997747926	2.5359188371553082e-20
99	7	0.9999999997771827	2.482377907945177e-20
99	8	0.9999999997749884	0.5000000002250116
3	11	0.9999999997759637	0.5000000002240363
3	12	0.9999999997661204	2.000000000467759
3	15	0.9999999997756959	12.50000000112152
3	16	0.9999999997709055	2.000000000458189
3	36	0.999999999776124	0.500000000223876
3	99	0.999999999775969	0.500000000224031
3	5	0.9999999997621831	24.500000001664716
3	4	0.9999999997648739	0.5000000002351261
3	7	0.9999999997757802	2.513724901385519e-20
3	6	0.9999999997703242	18.000000001378055
3	8	0.9999999997754041	40.50000000202136
2	15	0.9999999997771263	2.4836347417385055e-20
5	26	0.9999999997522768	2.0000000004954464
5	12	0.9999999997752478	4.500000000674257
5	15	0.9999999997762843	2.0000000004474314
5	36	0.99999999977614	0.50000000022386
5	99	0.9999999997759632	4.50000000067211
5	3	0.9999999997731321	4.500000000680603
5	4	0.9999999997767022	24.500000001563084
5	6	0.9999999997762723	8.00000000089491
5	8	0.9999999997758868	0.5000000002241132
4	11	0.9999999997762008	4.500000000671397
4	26	0.9999999997761457	12.500000001119274
4	12	0.9999999997740909	0.5000000002259091
4	16	0.9999999997737992	4.500000000678602
4	36	0.999999999776898	2.488724703750781e-20
4	99	0.9999999997767954	4.500000000669614
4	3	0.9999999997357971	4.500000000792609
4	5	0.9999999997771365	2.000000000445727
4	8	0.9999999997768239	0.5000000002231761
7	11	0.9999999997779745	2.4647663343116533e-20
7	5	0.9999999997762008	2.504304127210561e-20
7	36	0.9999999997763029	0.5000000002236971
6	11	0.9999999997762212	2.0000000004475575
6	26	0.9999999997738915	24.500000001582762
6	12	0.9999999997752536	2.525548197290007e-20
6	15	0.999999999777605	24.50000000155676
6	16	0.999999999773677	32.00000000181058
6	99	0.999999999776032	2.000000000447936
6	3	0.9999999997719966	2.000000000456007
6	5	0.9999999997758371	0.5000000002241629
6	4	0.9999999997749218	8.000000000900314
6	8	0.999999999777061	18.000000001337636
8	26	0.9999999997720019	8.000000000911992
8	15	0.9999999997783475	24.500000001551562
8	16	0.9999999997707221	12.50000000114639
8	99	0.9999999997766005	2.000000000446799
8	3	0.9999999997766928	40.50000000200977
8	5	0.999999999776918	2.4882788763970936e-20
8	4	0.9999999997765414	2.4966869598217227e-20
8	6	0.9999999997740336	2.5530397188545655e-20
