24	10	2.080473913423173
24	27	4.885183550890198
24	14	4.942731340081382
24	17	4.058735006204648
24	23	7.728452891564411
24	32	5.2837495482029535
24	22	1.2085429527634342
24	5	4.111175168514368
24	4	1.134208362087043
24	7	6.863767381298033
24	9	2.122328728676476
24	25	1.8791296048622972
10	24	1.8683470270631513
10	27	3.763250213431947
10	14	3.414288153721804
10	17	1.9390747282890142
10	23	2.966478595759666
10	32	2.1478146480157094
10	22	2.7660189967947
10	4	0.6220397979868804
10	7	3.9125397237655193
10	9	3.273294923797878
27	24	3.6881488541058673
27	10	3.184852251905306
27	14	5.843854754110413
27	17	6.585897815863377
27	23	8.019811532235355
27	32	4.35557864215772
27	22	4.34547053578025
27	5	2.166729640209721
27	4	1.019057153856659
27	7	7.764890795339261
27	9	5.462511236137858
14	24	4.627986898488217
14	10	5.3442198430160275
14	27	6.726145009313774
14	17	14.029893442691346
14	32	6.514946233256245
14	5	1.074018440064704
14	7	3.8266106528569064
14	9	5.995839431618881
17	24	2.7821302622710657
17	10	3.7201658130454733
17	27	10.164916408862652
17	14	13.474542989337621
17	32	10.60057776977947
17	30	1.9157787698112547
17	4	0.5195484109317219
17	7	2.1840089410965167
23	24	6.8402799715139135
23	10	3.5099621087939017
23	27	7.515653611178729
23	14	1.2722987423286152
23	17	1.441672394319017
23	32	3.2764517096754107
23	30	3.5348693856302873
23	5	4.542936423419176
23	4	0.7158545555765987
23	7	11.32353176166083
23	9	2.332287377322492
32	24	3.797412201700908
32	10	1.8898788101452964
32	27	3.4565112190941134
32	14	4.530333630544712
32	17	14.862453505174383
32	30	4.353845180410374
32	22	1.4244576983905426
32	5	8.20748116054514
32	4	0.5185557281021496
32	7	2.183016258266944
32	9	1.9317336253985988
30	24	1.355375059783499
30	27	1.2177290016298064
30	17	3.4586520055367274
30	23	1.030722157311955
30	32	5.903196094239013
30	5	2.2915626211180764
22	10	2.1953118296937153
22	27	2.523867010124326
22	17	2.935495693956983
22	25	1.347107384170689
5	24	4.478895194405951
5	10	1.7583421050318313
5	27	3.121719589527546
5	17	1.3160917861829862
5	23	6.002084293805825
5	32	6.606204817234805
5	30	4.222308475300569
5	4	0.5902739474405676
5	9	0.9871772224739439
4	24	1.849172761341436
4	10	1.1426212346963096
4	27	1.5082717787346411
4	14	1.565819567922167
4	17	1.0883330829504185
4	23	1.5059721770666414
4	32	0.890563153775787
4	5	1.1407732452564803
4	9	0.9812211254965102
7	24	6.500959263063661
7	10	3.558603567442943
7	14	4.591566674018352
7	17	0.4554915489029543
7	23	7.1740333010568165
7	25	1.731219863256028
7	9	4.006968231601231
9	24	3.8341414663950824
9	10	2.961430378909453
9	27	3.086730634886961
9	14	3.754043197436233
9	17	5.327653638793882
9	23	1.2736843949467287
9	32	1.8778049183720502
9	4	0.5552849927963237
25	24	2.0407605474488855
25	32	2.5049354110561737
25	27	3.122644036015028
25	5	1.9421258047220176
25	7	2.0524039996287655
