13	20	0.7280191883426917	0.07397356190976818
13	44	5.373294191836448	0.39276016998593133
13	30	1.6678462719691547	0.4460186429830981
13	28	2.9313100974587423	3.7299586925460964
13	6	1.7018075818004714	0.49253388187262537
13	9	0.844607871981432	0.024146713450139044
13	8	1.1454848485106446	0.730196144124876
38	33	1.7123399216199344	1.6580684774537566
38	8	1.9362403104604797	0.8765459189311354
38	44	2.5473863698765	2.1100863584205722
38	30	1.76320336482888	1.5296659167706044
20	9	0.19256173250042075	14.496586160820197
20	8	1.5639035336090252	2.062373060780644
20	13	1.0912752654658933	0.008331174085869288
20	33	4.012874214532137	9.077411032592641
20	6	2.5378746809058295	0.28930917235954784
33	38	0.9745010067316107	4.102646171731258
33	20	5.371461590670281	11.36675325736498
33	44	4.313425781417063	10.978790408959275
33	30	2.4162337044121545	2.0057179055129737
33	29	2.1717609375542404	1.3730236947779924
33	77	0.3632912546816647	0.4053980263648488
33	7	0.06245123106982664	3.7540952319828302
33	9	1.5929644801728948	0.16567791440092172
33	8	3.0068432317829528	0.9863603662553296
44	13	4.1378998603395605	14.915817488765187
44	20	1.8569288578749166	0.7343270674588089
44	33	3.581490066935653	6.664090965687443
44	30	4.32789490516154	32.172776206892415
44	29	1.8569147373682264	0.02047339238240362
44	6	3.109250958829131	0.011935772005084487
44	9	0.7214847349443863	5.191631813091453
44	8	1.44002242765025	2.4335300262342194
30	77	-0.3679221433445232	1.8712109902522744
30	13	0.8325818935081932	1.3628650353649154
30	38	-0.2800811975284643	10.758932662379765
30	20	0.6060093108847366	0.1552286631095201
30	44	3.4768325647282694	12.412708776959184
28	13	2.974243445930134	0.9491502919378222
28	44	2.1396241317910083	1.2987431617604095
29	13	1.9913442195905195	0.9827633617155362
29	33	2.130548960877298	1.278140952940738
29	44	0.7395220127884596	1.5888047562448562
29	6	2.0467816015007783	0.9086253152374211
29	9	1.5107636428319215	0.26087949883893474
29	8	1.6295738113044027	0.13721556127154624
77	33	0.9759279219343397	1.0487236210737196
77	8	2.422445514158925	2.0233512407508485
77	38	1.671678255081268	0.10779516818648086
77	20	2.8398527492931547	3.38505813908158
5	44	5.521864416730287	20.447257803291535
7	33	0.9719719376036164	0.00078557228169557
7	77	1.0011473756309968	1.316470838605215e-06
6	13	3.373977302485805	6.89599520785973
6	20	2.4548390081774176	2.116556539714652
6	33	2.956684966243033	3.8286160571214984
6	44	4.209017000198676	1.4617221067694053
6	30	0.7008789386872538	0.08947340932086366
6	29	2.176677498708401	0.031214938549857036
6	8	2.4552557788453404	2.386234708790716
9	8	0.37413003742547424	6.895193060351141
9	44	0.7622218551410306	1.5320947358905117
9	20	1.2090324763381433	0.62562962348777
9	29	1.9048260751473012	0.009058075971867162
9	6	0.5137266020120074	0.2364618175907887
8	13	1.2298957191017565	0.05285204166131375
8	38	1.0908608623279814	0.008255696302984391
8	20	1.9805470139255263	1.039284390816161
8	33	2.2043577040357274	22.99818503084148
8	44	2.3436469642621756	0.11809323604660897
8	30	-0.052018491958860436	1.106742907423395
8	29	1.9805331309228877	0.0003789589916654295
8	77	1.8416672474135767	1.3417347657144403
8	6	2.6765546311070043	0.4577261688723347
8	9	0.05252558073055957	0.8977077751699634
