10	26	9.315540090158272
10	15	1.8799030271426742
10	21	5.775474491073745
10	23	6.16934146033401
10	19	2.155022975933594
10	37	2.6436053615178023
10	33	5.814513342413623
10	3	2.8271778773769656
10	9	4.63301378917145
10	8	3.538810552081837
26	10	5.733860048086215
26	15	2.499281336836643
26	21	4.547010798891419
26	37	4.05745568721605
26	9	2.979492566285766
26	8	9.83077906464113
15	10	1.780432147159567
15	26	2.1196469343325015
15	21	2.0163673691377078
15	23	1.8004695650398848
15	19	2.0730521759481153
15	1	2.2657245563706025
15	9	2.278143456606318
15	8	2.015507599121389
21	10	4.890312238160181
21	15	2.0436956940221
21	23	7.367956431274882
21	19	7.6034436785790485
21	37	3.6389654080092293
21	20	4.829000066661923
21	33	2.929482142502609
21	3	9.698383051195355
21	9	2.948964454178239
21	8	5.347190296380796
23	10	8.242406939588626
23	26	10.59562328947836
23	15	1.940456679746583
23	21	8.293634918912037
23	19	6.280675117587356
23	1	2.020286841857036
23	33	3.639262826029745
23	3	4.920280774511899
23	9	2.8457254399027225
23	14	3.6503384975543525
19	10	3.0776484705830907
19	26	10.530785613596318
19	15	2.485383777222631
19	21	7.175427257166519
19	23	7.569294226426786
19	37	3.637048278700713
19	1	2.9531761064360382
19	3	22.741876450507753
19	9	2.965595006671754
19	8	6.3615477893353525
37	10	2.1527006686406667
37	26	2.6766226984597945
37	15	1.9483981423831613
37	21	2.8136934213258242
37	14	1.8289856401166662
20	3	3.767506032982621
1	26	2.538639785149248
1	15	1.810415229072615
1	21	2.860417750670008
1	23	1.8315002487573357
1	19	5.744123818012062
1	3	8.65208288844322
1	14	2.097512575711105
33	21	3.3803384977481294
33	23	2.351420995843994
33	19	2.420748682299122
33	1	2.4101661382685067
33	3	10.003571015138222
33	9	2.2193301140523394
33	8	2.566459029925498
33	14	3.023943171702749
3	10	7.7386141733770195
3	20	2.983891057668789
3	21	11.83639295996045
3	23	5.929357271183075
3	19	16.16143118027747
3	1	7.410886884785402
3	33	14.739548435436035
3	9	2.5451875981527565
3	8	8.380199474252366
3	14	3.7563105047130305
9	10	4.10080363630742
9	26	1.5573541175340768
9	15	2.048659108169961
9	21	1.675877158594417
9	23	2.069744127854682
9	33	1.5116610854775332
9	8	2.284782161936186
8	10	4.779131761248086
8	26	7.945367808964865
8	15	1.9325152171100048
8	21	4.0173400427688435
8	23	6.2405013321033715
8	19	5.053204108234603
8	3	8.977437800925173
8	9	3.0410389017192467
8	14	3.845651959374535
14	10	6.254215130428511
14	26	3.3042557627501825
14	21	1.593484483739918
14	23	2.800371150815032
14	33	2.039033183981122
14	8	2.812154260439775
