11	25	1.5500661887263067	0.3025728119798849
11	26	1.9160112500533146	4.343009109904348
11	21	3.6369196846462555	2.6795060539823963
11	16	2.04752390812896	0.0022585218438498315
11	42	2.384935224030288	0.14817512669924812
11	7	2.2460709399563963	3.076267147665439
25	11	1.139053521922799	0.01933588195913436
25	26	3.6432735980660036	6.986895314232797
25	15	3.682641518454287	5.370150331991853
25	21	4.239304745544971	1.535876252330286
25	16	1.341678782645386	2.750029259928489
25	42	5.213390535130606	0.0455355204833264
25	3	1.4175472897509958	31.163778262166456
25	4	2.3915813888237736	0.3701732064256082
25	7	2.9876458867893207	9.074277303377297
25	8	3.683305799495688	7.200130013607194
26	11	1.7305590464676792	52.8447717768929
26	25	3.311856255495636	1.7209668350830312
26	21	3.5901594290390477	6.708925867839886
26	16	1.3054225582856291	0.4824378225384802
26	18	2.1989913759180206	1.4375803195257884
26	42	4.146794706362181	4.608727511264683
26	1	2.0975195138400675	0.00951005557960312
26	3	2.14788978793041	1.3176509652349215
26	4	4.930426197242571	8.587397697485558
26	7	2.7555744177307098	3.0820415361905207
26	8	3.8685957668047664	8.228841673330226
15	25	2.7997194565031602	0.63955120910971
15	26	1.6470755941946664	0.12455563621304777
15	21	3.495585197590046	2.2632638977101815
15	16	1.7104073427275157	0.08386390714613855
15	18	3.2173675872605294	4.916719017033581
15	42	4.191512145896349	0.6536526102331269
15	3	3.8731772640699997	4.523374950068772
15	7	3.0786197935029787	0.006181071930451004
15	14	0.4407301546144047	0.3127827599576277
21	11	3.2381786650833084	0.5803717463342499
21	25	3.834644000791458	3.365918609640087
21	15	3.8347052868369604	8.035554063221413
21	14	0.9185722699744023	0.0066304752171216196
21	16	2.328009859699697	75.20341299346565
21	18	2.7215717232087497	2.963809198151944
21	42	8.147668819825899	1.317143720000572
21	3	1.9859338647799416	1.0283301266001457
21	7	5.504518880830778	6.272614824437853
21	8	3.1398512376067442	8.180450943019673
16	11	1.4084589937678977	0.34992076205408806
16	15	1.2217980159151232	0.04919435986388523
16	21	2.8916175846851973	4.445276409208681
16	42	2.4744883201725614	0.2761625256350564
16	7	1.918162718418361	0.006697340656672479
16	8	1.3619902617309712	6.95909537920223
16	14	0.6642754344588944	0.11271098390776413
18	11	1.7855832739874655	0.6171410803688653
18	25	2.8004883205539897	0.6407815513433469
18	26	2.0638563296159234	1.1317902900638641
18	21	2.661471188993076	0.4375441338679137
42	11	3.2439151794998935	0.059494614790465264
42	25	4.815450444396688	0.034058538473380064
42	26	3.661456035431108	0.11461201594602315
42	15	3.702597175306507	0.49364279074868256
42	21	8.015674560065666	4.062943932095915
42	16	2.612076479794328	2.598790576706072
42	1	1.0724915688075003	0.00525502754817255
42	3	1.713867313823726	5.226402658803547
42	4	5.1919249292876515	17.572234612783284
42	7	4.815905254733472	7.929322403635582
42	8	3.842311645652547	0.024865617096807895
1	25	0.7589644428075815	0.058098139831059666
1	26	2.887789359189701	0.7881699462904596
1	15	1.1764027792842549	0.03111794053920953
1	21	0.620004265658276	0.14439675811790606
1	16	0.47611562904986693	0.2744548341258166
1	18	0.48096431189670974	0.269398045524856
1	3	1.6360206819215648	5.588398216302584
1	4	3.722974132005601	2.968639859560454
1	7	1.0376806627237833	3.85069718144817
3	25	2.278699407495006	2.962875729758043
3	15	5.757136503556654	1.5447096707913788
3	21	2.140087775489594	1.2998001358208113
3	16	1.5260583934409533	2.1725038595458637
3	18	2.4183388508873627	2.0116850959364845
3	42	2.2795365250949504	7.400921518292457
3	1	1.4837276563596329	6.331626507369386
3	4	4.175907297905365	4.734572569077827
3	7	2.001320380238601	1.7434039744875468e-06
3	8	2.419060106070682	12.823130523934514
3	14	1.3012540318396975	0.48824592802027855
4	11	1.6679956478524114	0.4462181855497628
4	25	2.137229801204124	0.7443724159302755
4	26	6.25919953142745	5.103982522802011
4	15	3.5284210843289188	6.3929131796790255
4	21	2.1372874734905176	1.293422797358445
4	18	1.5808720640485754	0.3374123547920523
4	42	4.919871661763091	8.525650521167154
4	3	4.450948123286368	0.3014579633227612
4	7	2.6939334018854657	2.8694103700232665
4	8	2.415757371536385	2.0043689350596137
7	11	1.9542393055718186	0.9105726522981865
7	25	2.830502511480706	1.3677243756529365
7	26	2.3716006395844618	1.8812883145085046
7	15	3.109026965364574	3.5757790177183115
7	21	3.6658713276232007	5.44815665921148
7	16	2.9924899065548507	1.0150765883938535
7	1	1.0357873895623755	0.0012807372516892217
7	3	2.0931753868662586	1.1950324264501941
7	4	2.649784040760852	0.4222192996275005
7	14	0.7488432200841719	0.0630797280976877
8	25	4.021321847710603	4.085742012032208
8	3	2.449348257163591	42.91103825592569
8	42	4.577806144970995	2.4894722311082327
8	21	3.7432096796458434	3.038779987210964
8	16	1.6786852418894682	1.7458726900006931
14	18	1.6892689832030616	0.47509173120578246
14	3	1.6893495182001552	0.4752027582427861
14	15	1.6893495132549585	0.47520275142484825
