11	39	2.721953446472943	0.07730988592827451
11	12	1.9438649100438385	4.227691508149032
11	15	3.616039740972673	0.1474254805123322
11	14	2.084133906454487	0.007078514215292376
11	17	4.032638702566184	35.609400854110994
11	23	3.474672735907028	6.377277790771294
11	19	4.868524813823823	17.069087213989473
11	34	2.9216735448445843	65.25935831606387
11	3	3.4172596701348494	2.5050669517816457
11	4	2.3044525997452783	0.09269138549165862
13	3	2.3421153109445436	1.801273507871769
13	15	2.2744138748658855	1.6241307244506809
13	4	2.342547128451794	7.0620557644998065
13	17	2.267139573243547	1.6056426980798386
13	6	2.3428918817333537	2.746007315625225
12	11	2.307791529295867	1.7103186840980227
12	19	2.3081436477982424	2.8623779164854377
12	17	2.2779903631568885	1.633259368321876
12	34	2.3083179427859766	0.09505995384377672
15	11	2.5215657135207223	0.22889936647893552
15	39	2.04338265823829	1.0886473715124
15	14	1.267438698667611	0.5366460602098033
15	17	2.658801117715324	0.43401891270296034
15	19	4.191077514811548	4.80082067591275
15	3	2.1824905234746304	1.3982838381073053
15	4	2.4608051153325325	2.133951584981694
14	11	2.4304484125625283	0.18528583587760059
14	39	2.3324172022435294	1.7753356008344745
14	15	2.430526289084739	2.0464054637625537
14	17	2.8964263779871056	3.596433007125292
17	11	2.4542418752129236	91.12149817693847
17	39	1.6595867080458695	0.4350546254307871
17	12	1.4628275989476607	2.362898990557014
17	15	3.289020028500515	5.239612690876499
17	14	2.0844949464463247	1.1761292888676167
17	23	2.5758730808766073	2.48337596703153
17	19	5.098066262643554	0.8134844665817661
17	34	1.6203246620378282	1.9035040381810329
17	3	3.4685397103112643	2.345370618893506
17	6	2.2166364186127185	0.04693133786934502
23	11	2.5951524371109382	1.9735966749553364
23	39	2.1624750968583877	0.7014479633823671
23	17	2.425579173633624	0.18111763303067815
23	19	2.5952315778088044	2.5447637868383675
23	34	1.4823617724518974	0.23267287952293603
23	3	2.4410629184637633	2.430284824188719
23	7	1.7606820032136932	0.5786371100131971
19	11	4.933900639695622	4.268766566650159
19	13	1.3946025679111222	0.15571118660205185
19	12	1.4527718734158312	0.29945862252481903
19	15	4.5166464383421925	6.333509295620443
19	14	1.592984719646035	0.3516308777336867
19	17	5.489161141645946	20.347667206036906
19	23	2.983583563444692	9.098768118721022
19	39	1.950883798216296	1.1006448048450654
19	34	2.4303753675117585	73.43846634174925
19	3	5.846676392782447	4.636802557400414
19	4	2.9259117453500636	50.04272463457618
19	6	2.0916427378751656	15.275256488403931
39	11	3.3292517682024103	0.4499031904595931
39	12	1.9513026427715516	0.9049767181441384
39	15	2.4946665460633053	0.24469499179420012
39	14	2.0270195010011123	1.0547690554365736
39	17	2.4444638702082413	2.0864758723369707
39	23	2.0905043969872596	1.1891998398485468
39	19	2.6338147076763643	2.6693504990196035
39	4	3.227762505028595	33.31872569835376
39	7	2.3555865944705747	0.12644182616718097
34	11	3.2997221264278855	44.89372358308005
34	39	2.682448102917463	0.1008392073407182
34	12	2.322475993508002	1.7489427534049768
34	17	2.4630272487412057	12.510176243147205
34	23	2.322636771415407	0.10409448626935747
34	19	3.3002140942037883	32.48755937191314
34	3	2.6826366155974175	11.004899824174956
34	4	2.6834580374491703	69.1648702148688
34	6	2.6837565841295468	1.7324967298223188
3	11	2.6982342108173407	5.29812574825167
3	13	1.3466094022219597	0.4269192732647449
3	12	1.3207740144068492	2.8197999106912888
3	15	2.698380142912777	0.09097453818931686
3	17	6.544299743917536	11.941864259888407
3	23	3.4076382377339036	5.796721883798417
3	19	4.646332421816078	1.8324159122263242
3	34	1.725261674338471	18.273387752879533
3	6	3.013846240393351	3.9448067567996263
4	11	1.4422589102519652	30.888486020673675
4	13	1.341569882532211	2.750390454524224
4	15	3.111723544994581	4.4593763304844805
4	14	1.1134803473147166	0.7859170945972356
4	17	1.670044047648247	0.4489590257888463
4	19	3.8083085492772644	103.8705746267349
4	39	3.7045929147863785	18.450522027703382
4	34	1.443667575355942	30.872830013150917
4	7	1.4438148271077136	0.3093419465452225
4	6	3.706315631082442	372.24625652741366
7	3	2.21502671941159	1.47628992888409
7	15	2.8311248239402733	3.353018120850297
7	39	2.215235526685943	0.6158552785758891
7	23	2.4116530950835853	1.9927644608590658
6	11	2.5914170697746095	11.61843759222391
6	13	1.9327028070350643	0.004528912180959798
6	15	2.452561059534856	2.394567274467888
6	14	1.9827225244212443	0.965743560004863
6	17	2.8176947777925148	0.03323519404412057
6	23	2.1849333391190693	1.4040670181558672
6	19	3.1489652133785886	78.34081679398234
6	39	2.7668500792887127	3.1217592026825307
6	34	2.3146723302200494	13.581640033645721
6	3	4.297421311955217	0.08845943680516259
6	4	4.576446647951565	29.414930962515815
6	7	2.4536522843224815	2.1131049637159687
