10	1	1.329637692881047
10	19	1.1678498641534432
10	13	0.5940914116928053
10	7	1.3102701319568002
13	10	0.7942878341879802
13	27	1.4347037175505564
13	20	1.1672131005428419
13	17	1.22179350546799
13	25	1.19737242596378
13	19	1.1097973678715336
13	31	1.2060368611141008
13	28	1.9629461858711452
13	1	1.2715851965991374
13	4	1.8786286008405284
13	7	1.2522176356748906
13	9	1.1579946733752369
27	25	1.2570154015958788
27	13	1.1943710956637439
27	20	1.2268560761749407
27	19	1.1694403435036325
27	18	1.198780872121324
27	31	1.2656798367461997
27	28	2.022589161503244
27	1	1.3312281722312362
27	4	1.9382715764726273
27	7	1.3118606113069895
27	9	1.2176376490073357
20	25	1.3429012865061014
20	13	0.681567775953217
20	27	0.9815433734721285
20	17	0.7686331613895622
20	19	1.8540154330346041
20	18	0.6859775524107973
20	31	1.9502549262771716
20	28	1.5097858417927175
20	4	1.4254682567621009
20	7	1.9964357008379614
17	25	1.1926009879132118
17	13	1.129956681981077
17	27	1.4299322794999885
17	20	1.1624416624922738
17	19	1.1050259298209655
17	18	1.1343664584386572
17	31	1.201265423063533
17	28	1.958174747820577
17	1	1.2668137585485693
17	4	1.8738571627899603
17	7	1.2474461976243227
17	9	1.1532232353246687
25	10	1.4971534362461292
25	13	0.6402153128482951
25	20	1.2713894979802414
25	17	0.7272806982846403
25	19	1.213973765308933
25	31	1.3102132585515003
25	28	1.4684333786877954
25	7	1.3563940331122901
25	9	1.8608602754333858
19	10	0.8101926276898732
19	13	0.5519437089127887
19	27	0.8519193064317001
19	20	1.781807098665484
19	17	0.6390090943491338
19	25	1.213277219465673
19	18	0.5563534853703689
19	31	1.820630859236743
19	28	1.380161774752289
19	4	1.2958441897216724
19	7	1.866811633797533
19	9	1.1738994668771299
18	13	1.0552041525221796
18	27	1.355179750041091
18	20	1.0876891330333764
18	19	1.0302734003620682
18	31	1.1265128936046354
18	9	1.0784707058657714
31	10	1.0217263812650508
31	13	0.7634774624879663
31	27	1.0634530600068777
31	20	1.9933408522406615
31	17	0.8505428479243115
31	25	1.4248109730408505
31	19	1.9359251195693532
31	18	0.7678872389455466
31	28	1.5916955283274665
31	1	1.499023743676208
31	4	1.50737794329685
31	7	2.0783453873727105
31	9	1.3854332204523074
28	13	1.4949716928495227
28	27	1.794947290368434
28	20	1.5274566733607196
28	17	1.5820370782858677
28	19	1.4700409406894113
28	31	1.5662804339319785
28	1	1.631828769417015
28	7	1.6124612084927683
1	13	0.43186251797349606
1	27	0.7318381154924075
1	17	0.5189279034098412
1	31	1.1018604636767013
1	28	1.2600805838129965
1	4	1.1757629987823797
4	13	1.2086854098154478
4	27	1.508661007334359
4	20	1.2411703903266447
4	31	1.2799941508979034
4	17	1.2957507952517928
7	10	0.8865356364989598
7	13	0.6282867177218754
7	27	0.9282623152407867
7	20	1.8581501074745705
7	17	0.7153521031582204
7	25	1.2896202282747595
7	19	1.8007343748032623
7	31	1.8969738680458297
7	28	1.4565047835613756
7	9	1.2502424756862165
9	25	1.7626615642305534
9	13	0.5026388490569202
9	27	0.8026144465758316
9	20	1.1338130341888664
9	19	1.076397301517558
9	18	0.5070486255145004
9	31	1.1726367947601253
9	28	1.3308569148964204
9	7	1.2188175693209151
