11	10	9.236147333514863
11	20	4.217805524390517
11	14	3.1140073466591445
11	18	5.481451858141855
11	3	3.507916272230933
11	5	3.306612847046481
11	4	3.5458655654512254
11	7	4.414068700763465
11	6	3.6838952100336226
11	9	5.404824138075975
11	8	7.41253339514808
10	11	9.287723175396865
10	20	3.49983832261271
10	14	5.851373860577981
10	22	13.653551560728685
10	18	3.3407001851874534
10	3	4.009478617165642
10	5	7.263508907672956
10	4	7.7060165505344616
10	7	6.13516059241435
10	6	6.827771572845248
10	9	6.9226611052822955
10	8	8.320605588984117
20	11	4.624582827297366
20	14	2.4263107409844946
20	22	4.740605480912408
20	18	2.5579510834830788
20	3	3.2267295154612685
20	4	3.283226490483592
20	7	2.6915497910188333
20	6	4.234275832872302
14	11	3.6336278473835244
14	10	5.506398821596974
14	20	2.539153938805684
14	22	11.288630387554411
14	18	11.545035083557435
14	1	7.370414659781014
14	3	8.961734724288425
14	5	6.50607944832635
14	4	8.168116637891835
14	7	3.7331440556360165
14	6	7.2898716602148195
14	8	6.140391658464573
22	11	2.652097124150602
22	10	21.191771903534306
22	20	4.403192157914977
22	18	3.8560918533855473
22	3	7.98020400106404
22	5	3.491999480570941
22	4	15.113527968322593
22	7	6.206947048103397
22	6	10.170184501583527
22	9	5.368408165341643
22	8	3.329566615157388
18	11	10.05265976212807
18	10	3.185468984887381
18	20	2.657283195524785
18	14	9.702229677703688
18	22	3.886327439519697
18	1	3.8299552763515883
18	3	3.99849086968972
18	5	3.778639762699578
18	4	2.798362934391805
18	7	6.4935873302320335
18	6	5.172196747946133
18	8	9.104089857517353
1	11	2.5160995764992
1	14	6.008965374862222
1	22	5.477691172456456
1	18	4.108056472841977
1	3	6.402874300437669
1	5	2.949492084009675
1	4	2.7822349535094344
1	6	2.71700967363507
1	9	2.7933515242615483
3	10	5.5907768621106175
3	20	4.452826299393591
3	14	11.294517857115732
3	22	10.15347888135188
3	18	4.51549076821859
3	1	5.422243455763633
3	4	4.593906038256953
3	6	4.93519060729611
3	9	2.7757282889396815
5	11	2.705701996947505
5	10	9.456591158034195
5	14	9.65390151101449
5	22	5.260783744003435
5	18	4.297658893290282
5	4	6.852228620365059
5	6	6.7870033404906955
5	9	4.4057384158791315
5	8	6.6537979609998645
4	11	3.035775267976645
4	10	9.989919353515218
4	20	3.1793785879206706
4	14	7.138405839705073
4	22	15.143838464263755
4	18	4.017967390956455
4	1	3.520483289134252
4	3	4.280235974033318
4	5	6.333284399626488
4	6	3.6617428958195317
4	9	3.516282140190876
4	8	3.731792440785462
7	11	3.8713133789069363
7	10	5.337574504227596
7	20	2.5550368640788403
7	22	5.391572821889225
7	18	5.2414676689909205
7	4	4.118901074115138
7	6	3.037401171977701
6	11	5.279520899592471
6	10	7.762056647176205
6	20	4.000339748368439
6	14	5.113798057810625
6	22	11.696446211245153
6	18	4.229163778049794
6	3	3.475157738855048
6	5	6.747735711164392
6	4	4.751184260593547
6	7	3.549742787770701
6	9	4.133988376181883
9	11	5.310225830954926
9	10	6.369977107365722
9	22	3.781661407150434
9	18	3.0217914808940423
9	5	2.8795017143296917
9	4	4.338283979450611
9	8	3.1235786978260025
8	11	8.62292651116032
8	10	7.040363769682005
8	14	6.424654424847451
8	22	4.470595751268749
8	18	7.166059540704123
8	3	4.176249332533785
8	5	5.416278060324301
8	4	5.045766005370958
8	9	3.8188053476012063
