11	17	4.702377952376722
11	23	4.4718789194517505
11	19	4.295252983012613
11	5	3.0289885952652527
11	7	5.03704923992672
11	6	2.659296541009072
11	9	3.076395358665051
12	23	11.7516475441849
12	1	2.4600213342776325
12	3	3.5085521936041504
12	2	4.664551060902666
12	7	8.473521981856614
12	9	4.886828704973784
12	8	7.8088184205546725
17	11	4.5092825484060235
17	19	7.067676687917786
17	1	3.237304450224221
17	3	3.6760705361914305
17	2	6.864618648013655
17	7	2.543392590864235
17	6	2.5861513035805657
17	9	3.42830765194844
17	8	4.72425797189963
23	11	4.552647300947362
23	12	13.76568264244648
23	19	9.143590684990148
23	18	2.4567442232973926
23	3	2.0563005295075456
23	2	6.261123263592843
23	5	5.235012279362211
23	7	12.324446035336608
23	6	2.832770980575006
23	9	5.07916411830525
23	8	15.743388644923135
19	11	5.851591474029319
19	12	4.901880592897706
19	17	8.207345809559296
19	23	7.976846776634326
19	3	4.371519324848918
19	2	3.698223872069512
19	7	6.30621292812151
19	9	5.565088593572358
19	8	11.554449857745718
18	11	2.964643144813448
18	23	3.8703689006900825
1	11	1.763974571859145
1	12	3.678380314863242
1	17	2.1057273446564704
1	23	2.0599355543813513
1	3	4.367548593530628
1	2	3.694253140751223
1	5	2.058377383162504
1	7	2.4403986321979327
1	8	2.588714768702302
3	11	2.1419416743169677
3	17	3.518516751179398
3	23	2.031392807934189
3	19	4.903590738276955
3	18	4.961252147135765
3	1	2.699257896204551
3	2	4.700532698372824
3	5	2.861402016327344
3	7	2.4118558857495507
3	6	2.2513596740139983
3	8	5.202486040135716
2	12	4.313396494212616
2	17	10.261175728763318
2	23	4.912208220912821
2	19	5.548601982276338
2	1	4.3605437624718855
2	3	3.986290150632784
2	5	3.506413260330385
2	6	1.880096295753967
2	9	2.7222526441181825
2	8	8.083301453122886
5	9	2.5105536854185773
5	8	4.213013854274752
5	2	2.491530965792027
5	7	3.0484230955060903
5	23	4.090744488855128
7	11	3.06366637216512
7	17	3.4054191449539086
7	23	7.831235692647045
7	19	3.7927661915904216
7	5	2.951559334558615
7	6	1.9535548251423154
7	9	6.6761024199053125
7	8	8.360014906967995
6	11	2.058488080282269
6	17	3.1947128690875344
6	23	2.7609589117106808
6	3	2.610965175629234
6	2	1.9376697228498279
6	5	2.334343209783597
6	7	2.106599685460938
6	9	2.585004897636498
6	8	3.0864832015785293
9	11	3.339387143168461
9	17	2.8681202181582552
9	23	3.432093201242444
9	19	3.4587221892478723
9	5	2.617515332212406
9	7	10.945026316705007
9	8	4.5706371889214825
8	11	5.037334037779343
8	12	8.355976570154345
8	17	6.37681375103771
8	23	18.34161018523791
8	19	15.725925155439596
8	18	3.9577055823973257
8	1	1.9175139377212451
8	3	4.167026661957029
8	2	5.323025529251887
8	5	4.093659620564494
8	7	11.589603225452413
8	6	3.5207126418588697
8	9	7.393145175211495
