24	15	0.993738409633091
24	23	0.6612462383222624
24	28	4.119093425251007
24	1	4.566111223148868
24	3	1.2357094636495756
24	2	5.288326441875816
24	5	2.2130439927950047
24	9	1.7039587885871375
24	8	1.1107858966130078
12	9	0.991690167782395
12	8	-0.21124749754982264
15	24	0.07544311336084242
15	17	1.1305777920769753
15	22	1.222713266465004
15	23	0.8885706062943137
15	28	0.9096317593333243
15	3	0.22495660310341947
15	2	1.432004638987445
15	5	0.9990362077957469
15	9	0.7117536098430131
15	8	0.7468931730290027
22	24	0.820960378759898
22	15	2.1883826492593323
22	17	2.4858598308389976
22	23	1.2275780227883841
22	28	3.6876982692560882
22	3	6.458356828730146
22	2	1.97426697993096
22	5	0.9315337753848321
22	9	1.6605257996951712
22	8	3.931469531865288
17	15	0.8262200670445905
17	22	1.8255974963667139
17	28	0.6994962914238436
17	3	1.0496434392590432
17	2	3.2729660974073616
17	8	2.9758167985518735
23	15	1.0178078531520398
23	17	1.9621451716901968
23	22	0.3911458868530019
23	28	0.4845742286263077
23	3	0.8347213764615073
23	9	1.3400660650031322
23	8	0.11858071786888313
18	17	1.5578657440535704
28	24	4.137318498320083
28	15	1.846152128666111
28	22	4.878078802515599
28	17	2.550139159143445
28	23	1.0886024266482655
28	1	1.5381336957757876
28	3	2.0510278190834113
28	2	4.477605401679954
28	5	1.605577877055904
28	8	5.8250431802439975
1	24	2.3040534469275293
1	23	0.6781218464249912
1	28	0.47738039320886805
1	3	2.2503120122096876
1	2	1.8313206524725523
1	5	0.7885874479264243
1	8	-0.7016328153585272
3	15	1.1744066846152454
3	22	4.2063333584598555
3	17	1.8969413969019275
3	28	1.8607026068008106
3	1	1.6979556313369242
3	2	0.9973863788945942
3	5	1.580692569965969
3	9	1.8846270635692919
3	8	-0.33458522402599905
2	24	2.341462102491434
2	15	1.639239764855781
2	17	3.581304023858638
2	22	1.6223425719099527
2	23	1.3067475935449524
2	28	2.528790611498107
2	1	1.349769013766269
2	5	1.4357608768484167
2	8	2.3660520251937847
5	24	1.2234312599971866
5	15	1.1309736957232794
5	22	0.30105680497113885
5	23	0.7984815244124507
5	28	1.0042499201025326
5	1	2.2642874158030457
5	3	0.966434900834778
5	2	1.1572083144557306
5	8	-0.17476328846486255
9	8	3.077070447168246
9	2	0.7319057281382804
9	22	2.333360993884413
9	23	1.2232939995102532
8	24	1.901514329332297
8	15	2.6591718264773014
8	17	6.411982723748734
8	22	3.455294331342664
8	23	0.6820925777432802
8	18	0.832394190000816
8	28	4.361742370930818
8	3	2.6607925924414983
8	2	8.339448966285243
8	5	0.7925581792447134
8	9	2.74107975026757
