25	13	1.2885394846775853
25	21	1.7421636982875466
25	19	1.906905186414403
25	18	1.2932921022677917
25	3	0.9667944385707411
25	6	2.1811479391196356
25	9	2.5871620800604473
13	25	1.8712473775318723
13	21	2.2404347027736975
13	17	1.8806448334447476
13	19	1.7768637357404349
13	28	2.6794189436057865
13	1	1.951229871549971
13	3	0.8367529878967728
13	6	2.0511064884456673
13	9	1.82880817422636
20	9	2.0104691320380867
20	3	1.6467264008686187
20	28	2.232767446257394
21	25	1.9496693210680822
21	13	1.865232432699946
21	17	1.9590667769809575
21	19	1.8552856792766448
21	30	2.1295284319818775
21	28	2.757840887141996
21	1	2.029651815086181
21	3	0.9151749314329827
21	6	2.1295284319818775
21	9	1.90723011776257
17	25	1.8652912805544388
17	13	1.7808543921863027
17	21	2.234478605796264
17	19	1.7709076387630014
17	18	1.785607009776509
17	30	2.045150391468234
17	28	2.673462846628353
17	1	1.9452737745725375
17	3	0.8307968909193392
17	6	2.045150391468234
17	9	1.8228520772489265
19	25	1.8911010341233179
19	13	1.1783516905950626
19	21	1.631975904205024
19	17	1.2721860348760743
19	18	1.183104308185269
19	1	1.9710835281414165
19	3	1.4849190996483375
19	6	2.699272600197232
19	9	1.8486618308178056
18	25	1.7719790945746445
18	17	1.7813765504875199
18	19	1.677595452783207
18	28	2.5801506606485587
18	1	1.8519615885927432
18	3	0.7374847049395451
18	6	1.9518382054884396
18	9	1.7295398912691322
30	9	2.191137407020241
30	21	1.9744514804074593
30	17	1.6146616110785097
30	4	2.3225628070147457
28	25	2.3209326993281136
28	13	2.2364958109599775
28	20	2.2884286162111738
28	21	2.690120024569939
28	17	2.330330155240989
28	19	2.226549057536676
28	18	2.241248428550184
28	1	2.4009151933462123
28	3	1.286438309693014
28	6	2.5007918102419087
28	9	2.2784934960226013
1	13	1.0284565833296488
1	21	1.4820807969396101
1	17	1.1222909276106607
1	19	1.6468222850664667
1	18	1.0332092009198552
1	28	1.9210650377716991
1	3	0.7067115372228047
1	6	1.9210650377716991
1	9	1.6987667235523918
3	25	1.8633059148952942
3	13	1.150556571367039
3	21	1.6041807849770002
3	17	1.2443909156480506
3	19	2.397234728263976
3	18	1.1553091889572453
3	28	2.043165025809089
3	1	1.9432884089133928
3	4	1.9522921115842866
3	6	2.6714774809692083
3	9	1.8208667115897819
4	3	0.9290724910469945
4	28	2.7717384467560082
6	25	2.3209326993281136
6	13	1.6081833557998584
6	20	2.916741071371293
6	21	2.0618075694098197
6	17	1.70201770008087
6	19	2.8548615126967953
6	18	1.6129359733900648
6	28	2.5007918102419087
6	3	1.9147507648531332
6	9	2.2784934960226013
9	25	2.457867153849956
9	13	1.1168053551615815
9	20	1.797050615572897
9	21	1.5704295687715428
9	19	1.7351710568983993
9	18	1.121557972751788
9	3	0.7950603090547372
9	6	2.0094138096036316
