11	9	0.03869474445202592
11	17	1.2329486417175666
13	11	1.0173231669613934
13	17	1.1292752921815337
13	44	6.601216375336249
13	30	2.7205030390515885
13	28	4.326830334893852
13	29	3.1585606139725853
13	8	1.3752560099455884
20	17	4.228167635714761
20	33	5.245260055824229
20	29	3.8183938640734616
20	5	1.5294453070402767
20	9	0.18834479610700583
20	8	2.035089260041586
17	13	1.7892417220488706
17	33	8.27820099734151
17	44	2.53320807413977
17	30	1.1101015130894913
17	28	3.73270343119117
17	29	2.1764715431706074
17	5	2.529837004026535
17	8	1.0029317125053567
33	13	1.8891893958758283
33	20	6.9984004499612915
33	21	0.5849152754530238
33	17	7.32396088745494
33	44	5.27546976585584
33	30	4.037070447448097
33	28	3.0010837254134426
33	29	2.6458337023070246
33	5	8.117667638076282
33	7	0.6677397870250648
33	9	2.0831561829293817
33	8	4.317862813975453
44	13	5.473326823806435
44	20	2.045831050878669
44	17	5.216960430705995
44	33	4.441853894345259
44	30	7.011443102020615
44	28	5.365691606627874
44	29	2.368127565632344
44	5	8.246471350315124
44	9	0.9924303484520457
44	8	2.210862357226507
30	13	1.7326588007632506
30	33	2.7337351158331
30	44	5.3221940952000235
30	28	0.6272966431187695
30	5	9.587176438581208
30	9	0.7256437229063172
30	8	1.1310560338708084
28	13	4.647715541166989
28	20	3.677826543473604
28	17	3.8001320565104915
28	44	3.1558777242822975
28	30	0.5132416165158432
28	29	2.9838484359678645
28	9	2.033208749490925
28	8	0.7940339830346627
29	13	2.6121882481594416
29	20	3.083631403428832
29	17	2.189662294206303
29	33	2.596989940957682
29	44	0.5105856579130047
29	28	3.742630259486893
29	9	2.2149379436569387
29	8	2.232388087517255
5	13	2.3592309458697804
5	17	2.9158842505841895
5	33	14.945837954706713
5	44	6.965040862565967
5	30	7.7591907886892475
5	9	1.3336681862193533
5	8	1.7390804971789655
7	33	0.2566965588762924
7	5	0.6059802991421952
9	17	0.6840508129232297
9	44	0.6495612540531235
9	28	2.680623990712867
9	29	2.5100812102611796
9	7	1.3635546745960987
9	8	0.7267766062341816
8	13	1.4542050368767476
8	20	1.9256481921461364
8	17	1.0316790829236087
8	33	2.658536276391163
8	44	2.807936162325734
8	30	0.77506482791371
8	28	0.5520978036817104
8	29	2.247944706899811
8	5	0.9752707721345781
8	7	0.657812958729342
8	9	0.0406801101111704
