13	30	1.02145197043042
13	4	0.9304357612028975
13	7	1.1562686854892927
13	16	0.5888443572193618
12	13	1.1391130931597084
12	21	0.9994243480083627
12	5	1.5075213169367565
12	4	6.777682366126007
12	6	1.6003435592938045
12	9	1.6640291510966077
15	16	1.0265617091016042
15	30	2.0689340956707505
15	36	2.132183993776011
15	5	3.3966216623909125
15	4	1.7561152801880935
15	9	0.910815478670188
21	15	3.5247950349645776
21	16	0.4945394884099955
21	30	0.9271471016210536
21	36	2.20992654644249
21	4	3.478444910282643
21	7	4.739100138630485
21	6	1.1466750457877783
21	9	1.6354181682988183
16	13	1.169886260876449
16	15	1.588725304560683
16	21	1.0301975157251033
16	30	5.291980029242603
16	36	1.8998962116560985
16	3	4.518432280140248
16	5	2.757824031369673
16	4	4.166141515953634
16	7	4.188719515783268
16	6	5.91801782232285
16	9	3.930606487797476
16	8	5.862696914359548
30	21	1.23543780583735
30	16	6.284142252863627
30	36	1.4953717284102577
30	3	2.4878684012683685
30	5	2.9630643214855787
30	4	1.9323227126371891
30	6	3.8874539434509705
30	9	1.0870229111144052
30	8	7.084211826734867
36	15	3.3567183448070206
36	21	1.985170858165129
36	16	1.5459923449686148
36	30	1.5720901092746875
36	3	1.001797284620557
36	5	2.2900129026404206
36	4	2.275545916051446
36	6	1.5883631289883096
36	8	1.5330422210335433
3	12	6.436460263707134
3	15	2.44846933170752
3	16	4.499586896474402
3	30	2.493135416253109
3	36	0.7270909942804474
3	5	8.736036533442036
3	7	1.2051676601390446
3	6	5.354977378296749
3	9	1.3535644810509195
3	8	2.4540875280119647
5	12	1.6340310274991374
5	15	1.9143935090110173
5	21	1.780923250882454
5	16	1.9329618292383377
5	30	4.6013736114371815
5	36	2.6320742650077595
5	3	6.507235243815808
5	4	4.32565015955493
5	6	1.7720776888098082
5	9	1.632508356160729
5	8	2.733031403121774
4	13	1.133156996182275
4	12	3.6921449699898266
4	15	2.143213131422565
4	21	4.042292117821369
4	16	3.3813109983745986
4	30	1.984624291511393
4	3	11.410918128643832
4	5	3.5526621462923784
4	6	3.6269367068388587
4	9	2.064582903029038
4	8	1.5390665543603848
7	8	1.4271384502291518
7	13	1.2244838165029241
7	5	1.9994018891849572
6	12	2.7801020448233063
6	15	3.2822671325890997
6	21	1.0976999481360181
6	16	5.130129772899221
6	36	1.560888795162028
6	3	5.195699485909252
6	5	3.028581388237349
6	4	3.420624250549701
6	7	2.6301825525766818
6	9	2.168814600134127
6	8	3.49114025333811
9	15	1.0001201625834546
9	21	1.6982172840681136
9	16	3.0512377273381417
9	30	2.4675707182897852
9	36	1.1080361452269876
9	3	1.3060608020795978
9	7	3.433954812965538
9	8	2.22526790559188
8	21	1.0053804449857964
8	16	5.8508299675638495
8	30	6.8932023541329945
8	3	2.05455611596859
8	5	1.7167323383672928
8	4	1.9055202762387378
8	6	5.283435978225456
8	9	3.905789417058169
