25	27	3.0625288482688284
25	14	3.323331561904578
25	17	1.6263155302166539
25	23	1.0276800020698031
25	32	2.444820223309974
25	30	1.9087658832520333
25	22	1.6216924191139963
25	2	1.1991483754987022
25	5	1.882010616975818
25	4	1.3441029039845025
27	25	2.1103730577906994
27	14	5.783739566364213
27	17	6.525782628117177
27	23	7.959696344489154
27	32	4.295463454411521
27	22	4.2853553480340505
27	2	3.049791606600249
27	5	2.1066144524635213
27	4	0.9589419661104593
27	7	7.704775607593061
27	9	5.402396048391658
14	25	1.830681555461751
14	27	6.666029821567573
14	17	13.969778254945147
14	22	3.5991539967988975
14	23	2.801886655302822
14	32	6.454831045510046
14	5	1.0139032523185043
14	4	1.0857603126864968
14	9	5.935724243872681
17	25	2.8303938615819373
17	27	10.104801221116453
17	14	13.414427801591422
17	22	4.007649211359369
17	32	10.54046258203327
17	5	2.2539658464958556
17	4	0.45943322318552227
17	9	5.327944836173738
23	25	2.0104253839637414
23	27	7.455538423432531
23	22	1.968151187024997
23	32	3.216336521929211
23	30	3.4747541978840877
23	2	8.881332105513668
23	5	4.482821235672977
23	4	0.6557393678303991
23	9	2.2721721895762923
32	27	3.396396031347914
32	22	1.364342510644343
32	17	14.802338317428184
32	23	2.6181720954776644
32	30	4.293729992664175
32	5	8.147365972798939
32	4	0.45844054035594994
32	7	2.1229010705207445
32	9	1.8716184376523992
30	25	0.9971288101893848
30	27	1.1576138138836067
30	5	2.231447433371877
30	4	0.25220756741413053
30	17	3.3985368177905277
22	25	1.2869921964244895
22	27	2.4637518223781263
22	14	1.505024989306237
22	17	2.8753805062107833
22	23	1.870235129162606
22	5	1.3017812728944644
22	9	2.786816230558906
2	5	1.505715588217297
2	4	0.9307125116219197
2	22	1.2268497085534444
2	23	7.765307329156453
5	25	2.9011193980871246
5	27	3.0616044017813464
5	17	1.2559765984367866
5	22	1.4360607299839807
5	23	5.941969106059625
5	32	6.5460896294886055
5	30	4.162193287554369
5	2	1.6418291415288055
5	4	0.530158759694368
5	7	1.9913643654024018
5	14	1.6963677198032527
4	25	1.8974363606523075
4	27	1.4481565909884415
4	14	1.5057043801759673
4	17	1.028217895204219
4	23	1.4458569893204418
4	32	0.8304479660295874
4	30	1.107413323786496
4	22	1.2268497085534444
4	2	1.4140704382962384
4	5	1.0806580575102807
4	7	2.0039559502269992
4	9	0.9211059377503106
7	9	3.9468530438550316
7	32	1.4171359786982989
7	27	6.912962790525515
7	4	1.5359482060926621
7	23	7.113918113310618
9	25	1.4433459722772612
9	27	3.0266154471407614
9	17	5.267538451047683
9	22	1.8261293060467532
9	23	1.213569207200529
9	4	0.4951698050501241
9	7	2.3628852596594845
9	14	3.6939280096900333
