10	20	0.08919041481312295
10	14	1.2436710972678093
10	17	1.6335051521670088
10	2	0.4686392562459768
10	5	1.580811170589934
10	7	1.7328085890518263
10	9	1.024780021609434
20	10	0.30836174005407924
20	14	0.6292562017217019
20	23	1.410332152473638
20	19	1.2224497479807428
20	7	1.1183936935057188
20	9	1.0386775812234457
20	8	0.038164315502551616
14	10	1.0915327166274733
14	20	0.25794649584040996
14	17	1.8022612331942955
14	18	1.377308269394018
14	3	0.627230577657256
14	5	1.7495672516172207
14	7	1.9015646700791131
14	9	1.1935361026367208
14	8	0.8213352920759457
17	10	1.2056912420282853
17	20	0.3721050212412218
17	14	1.526585703695908
17	23	1.0510367441276063
17	7	2.015723195479925
17	9	1.3076946280375328
23	10	0.4890300150362336
23	20	0.912068704569408
23	5	1.1470645500259808
23	7	1.2990619684878733
23	9	1.2193458562056
23	8	0.218832590484706
19	9	1.5578507010897464
19	8	0.5573374353688523
18	8	0.5573374353688523
18	7	1.6375668133720196
18	23	1.9295052723399388
1	9	1.1200775732483725
1	8	0.11956430752747832
1	20	0.1844879664520615
1	19	1.3038497400056694
3	9	1.3136507250149665
3	17	1.2940634004124223
3	23	1.685305296265159
2	3	1.0996918285745276
2	17	1.0180975737913294
2	14	0.6282635188921297
2	7	1.1174010106761467
5	10	1.2712083087800554
5	20	0.437622087992992
5	14	1.5921027704476782
5	17	1.9819368253468777
5	23	1.1165538108793764
5	1	1.4457391744351331
5	7	2.0812402622316952
5	9	1.373211694789303
7	10	1.0528180862741547
7	20	0.21923186548709123
7	14	1.3737125479417776
7	3	0.5885159473039372
7	5	1.7108526212639021
7	9	1.1548214722834023
7	8	0.782620661722627
9	10	0.39671051188601186
9	20	0.19143674625906743
9	14	0.7176049735536345
9	19	1.3107985198126753
9	18	1.3107985198126753
9	3	0.5607208280759135
8	10	1.0051693104546853
8	20	0.17158308966762187
8	14	1.326063772122308
8	19	1.2909448632212297
8	5	1.6632038454444327
8	7	1.815201263906325
