11	10	3.107828028531882
11	38	3.934819636845075
11	21	0.09725231008764113
11	27	1.7069741492061579
11	6	0.6832991800217626
11	8	2.1438147736953694
10	11	2.69372797991449
10	13	1.1054887738166403
10	27	5.624094660307652
10	18	2.6689082532455926
10	38	8.05519507240333
10	7	5.073701767225381
10	8	4.434895889167166
13	11	0.5504883696910189
13	10	-0.014956939256830643
13	27	1.226503199306558
13	21	1.8711332109656633
13	38	2.0315642157761973
13	7	0.69465798802144
13	6	1.2191028523815777
13	9	0.2784189245270364
13	8	0.8503241259760429
27	11	1.8968362629783537
27	10	6.024801898252674
27	13	1.9346364525102016
27	38	4.209479488676754
27	21	3.8086981958175916
27	18	2.481781309679739
27	1	1.4845500771828706
27	5	2.9540454910269176
27	7	1.8377509568568917
27	9	0.6084921955549563
27	8	3.6380041722432233
21	10	2.0726924325105935
21	13	2.491230688335561
21	27	4.330427193333397
21	14	1.5598196270843259
21	18	1.615591074332162
21	1	5.477930346897965
21	5	7.575738215902131
21	7	1.7660327375221319
21	9	0.33351905176343566
21	8	2.5314636488348228
18	10	2.5449644037692463
18	27	2.973404844529981
18	38	1.5426616920167129
18	5	2.7633821513947545
18	7	4.067599028867244
18	6	0.9334552530739763
18	9	0.3992811741244203
1	11	0.421194546236189
1	13	0.4589947357643782
1	21	3.349331101331183
1	18	1.2093945173870189
1	5	5.543502263330949
1	9	-0.05412982337967631
38	10	5.396923778344532
38	13	1.713268181515584
38	27	2.5732854278580675
38	21	0.3352511335757731
38	7	3.8521868548500606
38	6	1.7528653831218965
38	8	3.8231457501499335
5	11	1.6635557980288687
5	10	0.488345715722931
5	13	1.516648744909645
5	27	4.575374796632193
5	21	6.439534355003817
5	18	3.689832997705222
5	1	7.3489173458142645
5	38	1.3153373240446615
5	6	1.9256604318181003
5	8	2.5731563276768585
5	14	1.3982573814732588
7	10	6.59492759476996
7	38	2.7470559406752115
7	18	3.0704546880112535
7	27	1.5354850753079048
7	9	0.6059484823267558
7	8	2.78534539759977
6	11	0.3780066129546569
6	8	1.102899899947917
6	38	2.690649838653057
6	27	1.4790789732772127
6	18	1.166206584104267
9	10	1.784311840316172
9	13	1.1680277920796938
9	27	0.9932227343570731
9	7	0.6831801293270886
9	38	1.5950288263736097
8	10	3.0184183375160907
8	13	0.7575472118564195
8	38	5.674704265915742
8	21	1.6153343328958578
8	18	1.7112019179309428
8	7	5.132270054170145
8	6	1.4069091868208203
8	9	0.44767757716424755
14	18	1.4634530854068935
14	6	1.1220649906927087
